"x"
963042
107552
841149
406476
82799
686327
979668
884699
937523
468316
484316
362525
714060
342687
362567
123094
536195
461997
382990
6604
223383
548487
869297
957051
279561
175579
680386
973967
663278
439147
416981
66852
854235
30834
201395
117931
415056
736039
80735
348130
189841
216566
517208
457896
72707
281188
479821
294817
988220
876535
771876
938292
791372
665960
551797
774081
230630
570248
203596
393938
556700
806567
255319
146589
306217
36343
688375
525782
789019
204064
291574
629085
892658
3825
161244
703288
514277
881663
684362
311335
81918
591072
178295
707608
690910
948277
585098
371120
732209
648833
607530
245529
746686
124783
574098
95129
8254
263467
67565
116357
