9.75476767602289	12.5122069170939	12.5077281757842	10.4853866007717	11.4681194683723	10.065889555144	11.2686809441386	9.38608830410899	8.85900607129695	10.7903137513407	11.4324904320453	13.1062514375244	10.8234949077119	10.3975495255327	11.0780422148228	7.34376649039678	10.798621552103	11.6802524451351	10.5722267074563	9.30564666905518	13.6154352113051	9.76239703325142	12.1214698059929	9.31047640893523
9.58132396371695	12.4293626229997	12.4693289918156	10.4853649958088	11.2915109707596	9.91025297937314	11.2975622632785	9.24237555166512	8.72245561913621	10.8857315490227	11.9476169322877	12.7206185197467	11.0502441230486	10.3023022051195	11.2026956680764	7.64459161697925	10.5311207567158	11.5534414020106	9.62387631394291	9.04361617128398	13.072564017089	9.59058151840455	11.7936261510754	9.12600757078246
9.60719428409449	12.2644024222282	12.6084339730214	10.4490550326758	11.5572709413921	10.0780419099841	11.2873916674713	9.25237157386318	8.85934239628079	10.8088961027303	11.4917593812808	13.4828461807597	10.6684513420386	10.2375270579997	10.6764064555936	7.39805371097322	10.8706707044493	12.0041773837999	10.4095910615503	9.09677949150396	13.4529180388892	9.89662140684942	12.205245177594	9.84138827113254
9.76889042565931	12.4889731769963	12.7019152212817	10.591977085052	11.6350485720892	9.93140148811116	11.2742197261669	9.46997275179416	8.80401663499559	10.9690761445582	11.4668136039681	13.1749946855125	10.990761345808	10.6193463170176	11.1451114617812	7.34438452303698	10.8664297773169	11.8103553025017	10.7858734591368	9.24549151248161	13.6273186658287	10.0461402504096	12.1453640795478	9.77537147378042
9.8076837688022	12.6137616894293	12.7202644356017	10.4284109547826	11.4989162785003	10.7889708150912	11.1142593761008	9.18897175203716	8.61624029493888	10.8730298303811	11.6758719525344	12.9362851095639	11.248206231922	10.5256957098051	11.0751322364394	7.53907614397746	10.624819136454	11.6385454778721	10.1040180827944	8.98792027351189	13.2874807652866	9.74716901055429	11.9190522772485	9.31563993092078
9.78470334291311	12.2124969168238	12.560138468934	10.5275500348743	11.4374609246534	10.0010556360204	11.2680292358023	9.206472899398	8.85955373104852	10.8619603597566	11.4564668222299	13.2185801853028	10.8884499824241	10.3160379303118	11.0423512541168	7.6185302090497	10.7626408915705	11.777843015385	10.5712318354899	8.98585798233538	13.3688015240809	9.86704310091945	11.9604725435387	9.6411176909831
9.68927921251623	12.3816541909405	12.4064400406675	10.2169604212089	11.4548390065718	9.99651585241949	11.1582234592727	8.860690324685	8.69653985395056	10.6433931423479	11.5274707044733	13.1038419358977	10.774625544074	10.3867144989465	11.0507209833709	7.21285623096324	10.6555692135884	11.4565215556171	10.3805630618075	8.89201261101743	13.300934699063	9.45022973427938	11.9131301975511	9.67150994124402
9.79190036952933	12.4939931996034	12.4260007516887	10.4785586637026	11.2384516360817	9.72159286649151	11.2598141363445	9.12922184260307	8.79503261332499	10.8576114314884	11.7829802776274	12.936964741811	11.0556349914448	10.4032895431585	11.1819642410641	7.38046897663232	10.6777304255274	11.3478510100882	10.3338024954035	8.87086490752699	13.2636649151929	9.69756424767069	11.8689011626346	9.4360022120803
9.79380599906172	12.1869512041311	12.4251885390414	10.4618906984533	11.3694702439191	9.69611286487543	11.1854700417758	9.4966652499149	8.76397601549136	10.7839007046756	11.2880539822	13.0917221807912	10.7876884226995	10.2871141165874	11.025556488581	7.47969793380822	10.7242389857455	11.4771038409528	10.5465378334886	8.97533186246339	13.3055969037633	9.64456714522218	11.9070262800989	9.79857925655348
9.79693844841608	12.6354718082634	12.7969680264303	10.554885305024	11.5699692262479	10.0170789692915	11.3374601288798	9.49557330453371	8.91452159699811	10.9891786591089	11.5445553035843	13.0582358506088	11.1911216587608	10.4865016219053	11.2720257715718	7.16971727756239	10.853786720172	11.7294473140387	10.8592114321224	9.2564770583377	13.5398796500345	9.8248737889629	12.1885973900295	9.7975698965715
9.6206311311526	12.5081967534978	12.4758060974427	10.2917211477144	11.6501734932313	9.86486561765442	11.2305312586135	8.91046210085165	8.79257659963737	10.7779923630464	11.8357984798835	12.8079642698057	10.9119845926438	10.3225756156576	11.0536078689868	7.37181997201696	10.5268816837992	11.728095665162	9.71987750151853	8.74560130871012	13.2124483833374	9.68737499325025	11.7863155961413	9.22478114158852
9.85458160348848	12.4461450299608	12.711200625402	10.5336562853068	11.4631606958622	10.0058151998927	11.3239758752306	9.42021204578296	8.90691180071871	10.912423819425	11.5191195412256	13.348045006624	11.1490695235953	10.3984413340062	11.1928759754516	7.50037934234005	10.84651831473	11.7311567999171	10.7530198724861	9.08421021635298	13.4516336814186	9.84414514378723	12.1027260191035	9.8569339874265
9.49018939477497	12.1333899263917	12.2473455566475	10.5597891111528	11.4153135356143	9.44765343700188	11.361055477447	9.1804022655695	8.78268184445508	10.7503470094747	11.3586238365978	13.0402644144121	10.3928910845778	10.4283856966847	11.0081129882937	7.61743001740261	10.670205970261	11.6109004364104	10.4811901852608	8.68008811369155	13.3069037667215	9.68007618644573	11.7763385014669	9.40819802333066
9.66281578479306	12.2238866195843	12.3970419170143	10.4977097016651	11.2972716166135	10.4621053064222	11.1930029970446	9.08169681539871	8.53402644130665	10.8345517470294	11.6744700244072	12.8695741571277	10.8665605854322	10.3304996619936	11.1155669291814	7.33621657585937	10.5088386339603	11.4996030852488	10.1307037237312	8.94109327314852	13.0075030808031	9.63057454211645	11.7444974047246	9.30705840839721
9.76512765624189	12.3202180383128	12.6515759492935	10.6130087513998	11.4585275391387	9.97185890149209	11.2603277240949	9.38718633526157	8.91777652688264	10.9639064514983	11.5765334405141	13.3383759266583	11.1904366038741	10.4994115318597	11.2352909162282	7.41893921017896	10.7709108733941	11.7881847748146	10.7778560460502	9.14010613269492	13.3259818440184	9.7980397912363	12.1783049739722	9.25798243797542
9.57130300430643	12.2354945951441	12.4009814129713	10.4009962414689	11.4312136243616	9.76868114533998	11.2167686730005	9.30649691645425	8.7963403188393	10.7891314533501	11.5348021322791	12.7876510896946	10.6745741093643	10.4991904366796	11.0564409081314	7.30230381695737	10.4285549122573	11.5717557776443	10.3868879045922	8.85751879487151	13.227026268184	9.65409136003095	11.8585517169473	9.5439367194135
9.61145438324379	12.3254470784427	12.4758809373516	10.4777041782885	11.4417485277066	9.88001132645017	11.1370843532489	9.2178627251454	8.86275478699692	10.9283713358758	11.7222903836254	12.6224111446927	11.0073687084979	10.3369183425634	11.1426502069291	7.39365058040773	10.5085386735987	11.6083219335454	10.1291978636185	8.79562753675718	13.2048758327627	9.72503206829937	11.8068186928845	9.16336078055402
9.03419941790346	11.1408998907349	11.637544384026	10.1969794685488	11.2102330364006	8.50483428865407	10.9975064613017	8.41162367330117	8.63160390252847	10.5677586021911	10.6547987906701	12.4201364809056	9.68779759385332	9.87803626700149	10.453103489522	7.10175332924568	9.91690059673695	10.9444791771458	9.68623663904826	8.16154206620305	12.5843992051237	9.2739904094138	10.9655136763764	9.2216662601024
9.6420754840477	12.3864912434452	12.3685615209951	10.4749313218824	11.4165206683094	9.95999308595865	11.2891281098325	9.4341862328114	8.72147292845404	10.808743280156	11.549801439812	13.0703859322911	10.811520761709	10.3068404358518	11.0782421432507	7.42715491311887	10.7112949442967	11.4557466007965	10.5340845143453	8.9832287842324	13.4256707430181	9.6844234963234	12.04050835409	9.65151545634446
9.78745899182582	12.6937552920614	12.4649362684542	10.154954295984	11.4020028289897	9.96556613860155	11.4135982500002	9.31479294336679	8.85034455210173	10.86235950699	12.121924169467	13.0857094892928	11.196840230276	10.3815049228649	11.2919320806124	7.32111906061716	10.7386958264097	11.295573321593	10.3003275012338	9.08594094550019	13.2284381340453	9.55529480708297	12.0062954622677	9.5627009917562
9.33943727063748	11.1997088637879	11.7678589652444	10.2146337070988	11.2167004452143	8.87412376908516	11.0532034010174	8.98087254477887	8.78415789150989	10.6812617771035	10.9916063119454	12.4756446603532	9.64006958908971	9.98032328164733	10.6150336358468	7.06844653167726	10.3097509718428	11.0171546961534	9.66117510186047	8.1260403700869	12.6209767720297	9.69145270815859	11.3965238898831	9.30904618018755
8.38961687481176	10.1630613163535	11.2424561261105	10.1603468135065	10.4660888642666	6.5118023360156	10.5791331424379	7.75334982135604	8.4978224317667	9.99827377081859	9.55531677973106	11.5672588570105	8.25431768817464	8.26039692890853	9.75233583978598	6.79928185153909	8.9721939745819	10.0545458666184	8.59325288923343	7.27050534467472	11.5524377085158	9.09773528853836	9.24411717540471	8.01758503448503
9.80013464817186	12.6630168510612	12.6752829672605	10.177394314968	11.5079023041157	10.1081988420919	11.1366889614274	9.41073551434095	8.676618352223	10.9321482086457	11.8427568502092	12.6941724592071	11.3285359822661	10.2176850884769	11.2508155175677	7.25586909858564	10.5624958458733	11.1400603952903	10.4439997604288	8.81965806143274	13.1231952886788	9.72943867900372	11.9448553298142	9.54177204661738
9.66291210969362	12.0290151036079	12.3157542020181	10.3701000194192	11.3330498358545	9.67957538025862	11.2138288614165	9.24054650451233	8.79758272201738	10.7882333229151	11.353610805046	13.0688345510922	10.685950799087	10.3402036918417	10.931279539552	7.51370183289919	10.6748832634129	11.5037333734683	10.5554490605439	8.81562120046743	13.2869925389843	9.71003958208474	11.8649759496065	9.70498620408666
9.644931203164	12.3651394848728	12.2851355152665	10.1929144957558	11.4433745253107	9.58825548451609	11.2525025657318	9.19423755212835	9.00152512550451	10.6895085260449	11.6548412032671	13.1052190792035	10.7179989587861	10.50452001705	11.0177655309565	7.32061826136328	10.6050293069564	11.5882393213013	10.4412998003007	8.93670080837176	13.2426194397964	9.43501100573277	11.8926717245292	9.7533443070046
9.83514306692488	12.5667853874004	12.5471212763374	10.2115533138722	11.2358482933387	9.99029880182978	11.1486594999246	9.33591817210369	8.87664671839736	10.8566057979527	12.017631214683	12.7648153819501	11.3484240576802	10.3244213444778	11.2845084816505	7.28138553657786	10.6267648437915	11.4230503782221	9.81342835039932	9.03091942617795	13.0635333220627	9.70542683875915	11.8709250868105	9.50509906992645
8.99890355799513	10.5318590135513	10.9335835831195	9.74345228090243	10.8741716799423	7.30674088861297	11.1586419154496	8.93387736964935	8.22977744503362	10.5943545427537	10.0378105576997	11.9588485882931	8.86139263751843	9.89784886288591	10.2396794310662	6.72790359551142	9.70498747103382	10.0861359878274	9.40493965297775	7.90758291458561	12.2746518479753	8.98798198512539	10.963637141482	9.21700754581761
9.78294545069454	12.7896727148198	12.614606417837	10.3702196081396	11.5537917841314	10.0484800676992	11.2741333634128	10.2801852609883	8.9506382829933	11.1160038106502	11.6347611404498	12.9581047681339	11.2074233616892	10.7915273069698	11.2024715101476	7.42379537954755	10.818845893569	11.4135350822288	10.6296055592171	9.21667510265324	13.7041553016774	9.96388211988437	12.1934139021486	10.0306364703417
9.68160457254385	12.5969159919838	12.6251467027036	10.4553753474247	11.4301067032303	10.0229722425992	11.0105878724281	9.32309873738019	8.74492195554672	11.0165588798325	12.0546264452715	12.6323232096839	11.2880726653878	10.4446030693878	11.1785802516766	7.27181512993139	10.5545880101005	11.2399665112102	10.1039191424831	8.99335010382301	13.0960685478714	9.77651428939282	11.8765952179507	9.64219666648241
9.66351912352177	12.0794618331448	12.3246854300299	10.5254270273245	11.4493987573083	9.6695387642343	11.248153376497	9.40414919641589	8.8615187041057	10.7564200491431	11.3886958831633	13.0146119218671	10.6738365769167	10.1891627764018	10.9723932712773	7.5365236454925	10.6797983885505	11.4891284216502	10.462806609608	9.00224709058968	13.3056989617888	9.84188797535066	11.980064298715	9.27853405472199
9.36336264077093	12.3432562710657	12.4882406350942	10.6182305661043	11.6089659656144	9.53912321559153	11.2442979588662	9.59911547345461	8.96250316546426	10.8353902336814	11.4984437029847	12.8665907607349	10.6230864923179	10.3082324716908	11.1380525152081	7.55843208180353	10.8806523226049	11.2648289962799	10.8982597905545	8.92298581934538	13.2542277604479	10.0075055123519	11.7482159696302	9.18295060690693
9.56480089902401	12.6710365410566	12.5345636155253	10.3645213192288	11.3179777952606	10.1796955441758	11.2440465869989	9.41047667196569	8.80619069043161	10.8248666430422	11.9950953502217	12.9942386393758	11.1270068635483	10.3420291907825	11.1671472205468	7.34367336900894	10.7489614548286	11.2068193639605	10.5026606105703	8.89227517973235	12.9777254186823	9.67275788272198	11.8242720644348	9.33102018912512
9.01868811442111	10.6585215262638	11.2761308794096	10.3149749704616	11.0056397983836	8.2461717477908	10.9643936715698	9.25722718910213	8.72292693539159	10.7748755153269	10.7850619156804	11.6386197898343	9.22400028723374	9.92949488147545	10.4649566818315	6.85591326488012	10.0024388009135	10.2865377087235	9.80920768063018	7.8561278783542	11.9644791522442	9.54739060762019	11.0211624072743	8.97129312279487
9.86964381032812	12.738682953692	12.6822299855787	10.6667825295816	11.5045554897184	9.99280231144102	11.069836472333	10.1761518197068	8.88031330250538	11.2067326940718	11.7603832597858	12.8667216124297	11.314642405785	10.652038681527	11.4413652625773	7.41935894801085	10.7157369349484	10.9020779562456	10.9972441308073	9.42081988646165	13.6748865046815	9.96620536485467	12.095892745155	9.91866897214053
9.76533818589454	12.5956066292711	12.4100688009172	10.3718470788636	11.3076436500184	10.1066069919132	11.0612984854233	9.33599050518842	8.79539450297674	11.0851046754127	11.9765845888479	12.7013639343343	11.1413466375209	10.4127443301368	11.2368353672949	7.21782272196529	10.4697822006778	10.97311570438	9.98512032708082	8.93781353811789	13.1881308420846	9.76734370411743	11.7250864475635	9.57141245282914
9.32310668279739	11.0289282343593	11.3692924478264	10.1406562520191	11.1332578065167	8.51564756662715	11.0879347715184	9.22697415919202	8.53741897060613	10.7704862873468	10.7572553659801	12.1411978841562	9.68129588740454	10.0541006619349	10.6214671230327	7.00478391479665	10.1161959790225	10.5754768716639	9.97025706106373	7.88731613760654	12.5847666814641	9.38304126718544	11.2802561389148	9.25089181822532
9.74480107821299	12.6185710724351	12.4146629617097	10.2590350088277	11.5885161549201	10.2230194068189	11.4698326556007	9.1166547225181	8.98349380980518	10.7191123537295	11.7228402434582	13.2122103665823	10.8569829965654	10.5632535365762	11.1550393156469	7.77021593198304	10.7558704381035	11.5736401236902	10.6683612691612	9.09181948556214	13.4186334495536	9.81816740211754	11.9481029028538	9.74688228716647
9.79614252769708	12.6560042065968	12.4590350742183	10.0815213697397	11.3950619090825	9.90634565122757	11.3414685286213	9.45526425812897	8.74603405995279	10.7450565987752	12.065646897893	12.9885346053037	11.1204523498428	9.61137032021286	11.2070047651108	7.48667726752186	10.5542259926797	11.2209294482351	10.2766186864806	8.95114969763361	12.8925874857524	9.52707677046845	11.7786160571417	9.55946084434971
9.63591236805975	12.1044929085055	12.4602620250818	10.5342948722522	11.5338820444851	9.84394465105658	11.3314476529353	9.24294878211337	9.0661995700293	10.7620102515926	11.4122152181984	13.293248189945	10.5855251507815	10.2801429803699	11.104115486873	7.40499215268675	10.7040161225541	11.6160025201297	10.2237994722719	8.90617507046447	13.2211777517485	9.8923016214448	12.2082483916776	9.98054571931448
9.65219352896966	12.3872238327488	12.5724035600972	10.2539771710038	11.6490762406795	9.55926670363914	11.5255339757856	9.03152958741821	8.83734569435735	10.8932129286743	11.5087959591106	13.0082600771717	10.8139638626271	10.2397730147442	11.1601134415764	7.57806129984448	10.827265586635	11.4325122866204	10.8128062046661	9.1108350351996	13.2604192688161	9.80413740867486	11.8965491609763	9.49667278645873
9.7665885807021	12.7334055940655	12.6516915152127	10.3466084058505	11.4452900307176	10.164546934842	11.3063072573609	9.34085744887209	8.83324103851956	10.9020591711233	12.0172334425792	12.8474081755846	11.0272795179941	10.3910169727573	11.1418051864855	7.13913667800976	10.7245907427183	11.2729244335724	10.3602164513883	8.83949533807679	13.1062105082058	9.73271545784403	11.882234393475	9.52952473834472
9.49449135817634	11.7689789910049	12.0382909019108	10.3581215320914	11.2960538654211	9.33791223779967	11.3084933314914	9.2661333102234	8.66666119276826	10.8004510725255	11.1572815602969	12.9170190149312	10.3470294612094	10.291732351526	10.9359814174776	7.18913357246536	10.5787496705625	11.137268700221	10.3182609448496	8.70567929036394	13.0737756160198	9.64865249556154	11.8436834343585	9.58696644777495
9.83617651004769	12.7812280205453	12.5999363058832	10.4116233749741	11.5879201340849	9.87426455367833	11.3374682566958	9.61294377694129	8.65135222310634	10.7816874771731	11.7746739769196	13.2379942865927	11.174383725738	10.6515296856387	11.1532824339561	7.50706763767774	10.9919867657104	11.409314393854	10.9152496415025	9.12685252559795	13.4617990019491	9.74574189542561	12.0864374804421	9.7848886436077
9.86094271373529	12.6591059588589	12.5267711886766	10.3340148813794	11.4266148115818	10.1360214449664	11.2354822539931	9.509957550302	8.90996529316507	10.7442981342627	12.0973252566116	12.767553667323	11.2414678097871	10.3362275301581	11.1297192011542	7.36875116901373	10.6777382747566	11.2449904376163	10.6095258618666	8.97860730636305	12.9574944909388	9.71420638760324	11.7830904127833	9.50965185302604
9.12441562703946	10.7880452133814	11.0796649936063	9.9306755211598	11.0843457917636	8.37203545576613	11.2087047954386	9.09957409758869	8.64537657104882	10.6977091455132	10.4474365713374	12.2935172104747	9.3695192834118	9.89063762423814	10.5334976391911	6.88743905984	10.015790348241	10.5530954341153	9.72672246482486	7.77094104101874	12.503272452985	9.24217188220408	11.3154544302351	9.4053690661479
9.95772334824829	12.7848152534511	12.7560270344488	10.2925407049655	11.6581263518214	10.3238458676739	11.3382479053765	9.49035115720821	8.95154163897172	10.8790885616509	11.7484160867005	13.169807867507	11.1503122572545	10.627152877315	11.2793491333331	7.45926253088263	11.0679792456938	11.7643156209421	11.0080777979038	9.2847321824392	13.5456749230911	9.95628705490835	12.1408015582131	9.54177297254379
9.91388081959712	12.7266519284484	12.7263250367483	10.3338794384762	11.5884269514656	10.1807414250364	11.0956399367645	9.54953017626068	8.94972017674596	10.8399583520114	12.0800964558457	12.9125904417137	11.3457065748433	10.4501254569102	11.2063261058018	7.45293760910958	10.8878356856575	11.4292553403303	10.0612199637401	9.02922384290946	13.0595075891779	9.76891450556565	11.9367125184638	9.55253653525345
9.49328350386485	11.8056928431446	11.9854401709309	10.2890325489662	11.3710924688994	9.32181173186817	11.1373720697059	9.39639987821826	8.75440891791618	10.8111061045752	11.1101624085534	12.8226450265735	10.3216518262389	10.211073709081	10.788179249142	7.21926054067402	10.5770172492292	11.1471620151413	10.237715256066	8.55780427780593	13.0113338265843	9.6670811249064	11.8007347151934	9.36575021154355
9.36798061511553	12.0691624860769	12.4353735290255	10.3560220182302	11.6144886164219	9.84223502130336	11.4307532062363	8.83041371428222	8.81389080436489	10.6010849671593	11.2849568933273	12.8969244106041	10.3420712634105	10.24530687409	11.0181082913917	7.15771595529835	10.6030901428299	11.1252773321912	10.3132732172092	8.53299442370403	13.0649304793252	9.81587328841414	11.7291426977207	9.47244496390842
9.55261093985321	12.3891217090272	12.4782425539323	10.3319984158186	11.4584037151088	9.85700877100129	11.0372370063498	9.30189542087057	8.69148274969151	10.7061972875919	11.7279815672101	12.8082285785953	10.9818989440371	10.3201391000327	11.0621855739834	7.32455928846396	10.5660873594586	10.9279681424724	10.3484731913076	8.81671978236283	12.9901189115054	9.73836842918202	11.6620096762562	9.38333774168707
9.53947625415062	11.9964378165683	12.395133180601	10.4965374354119	11.4009332275848	9.71146200566771	11.2563389004083	9.31926783638576	8.97772137992262	10.8586128904222	11.4041815539475	13.1352568457345	10.77523411055	10.3141672734376	11.123790214701	7.26600316562134	10.685016829906	11.5092969174468	10.5774561663026	8.86621788325258	13.0908628574919	9.81627285414777	11.9852898660084	9.69799526153071
9.88376646057348	12.7267025672657	12.8178853058622	10.4760266550429	11.6330126846374	10.1151321563265	11.232016094003	9.38874402486946	8.99661317291433	10.9635423949375	11.7630452152767	12.9482373139747	11.2800198213041	10.5518931541255	11.2769833972393	7.28038788890459	10.9224130114754	11.5385573547056	10.8723104841064	9.08402140728182	13.5207939919448	9.79839427193576	12.2183949491548	9.97596420953002
9.8146179115253	12.5650464805959	12.573854424772	10.2488041260737	11.5163584377807	10.1542157592885	10.8908613611943	9.37341093051309	8.70990632884309	10.9000065328332	11.9629277436972	12.5899189578522	11.224655711999	10.4050869562727	11.1528814308528	7.40699038359229	10.6898587385654	11.1947442788687	10.0429185435047	8.88046272272736	13.0336544100577	9.80049553252139	11.7679731578121	9.43578385949319
9.78675710274138	12.1808781561571	12.4078802594749	10.5128472135116	11.3835733942141	9.65686677512113	11.2290147199617	9.42416083990146	8.91122155149608	10.907501930211	11.3353186103158	13.1190309448142	10.8258671365308	10.3388425936126	11.1208523894115	7.30873074103217	10.7011026528979	11.4213344773892	10.5352429337692	8.89090099560398	13.2967237993843	9.75717431706381	12.0108793570456	9.73221301315293
