10.0304619506793	10.7597002437597	10.9894155917282	8.41667551146022	10.3881735104351	11.3873301191654	10.5806093238708	9.40574540574235	11.0242383608506	10.48884	10.97347	7.88339	12.48234	11.09064	12.57949	9.579713	12.09953	11.53711	10.18619	10.91064	10.11366	7.453009	8.214327	8.942528	10.3323	10.43033	9.228935	11.58045	10.00454	10.13772	9.867422	10.78733	11.07162	11.06327	10.75037	10.70923	10.71777	10.06265	9.477869	10.07599	9.329825
10.1518496839006	11.3172224592199	11.0072624264683	8.70747197009454	10.6589718331903	11.4823902203532	10.8950953710393	9.91882160363228	11.3083120591574	10.48327	11.11951	7.663121	12.49535	11.24808	12.90211	9.573925	12.14469	11.87525	10.25562	11.23592	10.44476	7.30963	8.352625	10.21424	10.82935	10.61195	8.771127	12.17393	10.4561	10.27404	10.25004	10.90459	11.15175	11.30563	11.58777	11.38065	10.70993	10.18727	9.573925	10.13582	9.139986
10.3160001503952	11.4351505755263	11.1714506317189	8.88286481880489	11.2293384587359	11.5534889109758	11.2042003189389	10.0658955951004	11.5656867850992	10.58108	11.22742	8.365262	12.88877	11.62954	13.24743	9.960824	12.50633	12.37577	10.34955	11.81851	10.74667	7.83048	8.570529	9.094691	11.07746	10.74774	9.837467	12.38251	10.65773	10.60669	10.50585	11.49888	11.5216	11.3311	11.44145	11.00138	10.90049	9.906231	10.11735	10.35869	9.878139
10.1973108991621	10.9162571401348	10.8888686386492	8.44143727745378	10.3674404845891	11.2966540556732	10.4299151820175	9.17978162029204	11.2030656263641	10.53812	10.92097	7.88862	12.53497	11.02746	12.5203	9.731585	12.17076	11.55256	10.42163	10.74487	10.07373	7.819611	8.548844	8.779074	10.44961	10.69623	8.959351	11.59297	9.947821	10.1277	10.10511	10.98535	11.21558	11.08735	10.91508	10.75017	10.80599	10.26742	9.625913	9.830042	9.809865
10.4123722156606	11.3732200446841	11.0201335604156	8.82467877570078	10.6029422816612	11.344981365889	10.943642740386	9.89400935636033	11.4280913984621	10.60974	11.07126	7.779637	12.88459	11.26715	12.88879	9.53407	12.51115	11.86816	10.34227	11.1235	10.68762	7.690026	8.591784	9.499349	10.99231	10.7131	9.193887	11.95827	10.40458	10.19997	10.592	11.13296	11.23585	11.33517	10.64193	10.75417	10.90879	10.34878	9.889547	10.39201	9.335132
10.1036182715667	11.3762525139186	11.1414920124412	9.07358275979901	10.9968296381639	11.4002641083567	11.1138476623139	10.0029391799238	11.5946854715449	10.62199	11.11422	8.02573	12.90106	11.49308	13.14499	9.927692	12.4993	12.24654	10.29541	11.56905	10.49858	7.703369	8.722174	9.314512	11.00824	10.61455	9.631477	12.22854	10.61081	10.40736	10.50607	11.64122	11.46497	11.23046	10.8533	10.83877	10.95365	10.21822	10.07213	10.38065	9.67098
10.2010893976921	10.8527843647374	10.8948337683158	8.52992306523077	10.3469337228891	11.4523227165488	10.5804793106714	9.39216990788144	11.0546834191961	10.48808	10.74318	7.826961	12.42393	10.75884	11.43293	9.667102	11.9755	11.47657	10.22731	10.73223	10.40781	7.235441	8.278883	8.643351	10.47355	10.42453	8.601186	11.49251	10.11383	10.35171	10.00487	10.88279	10.98775	11.03007	11.03106	10.71997	10.79902	10.02095	9.615089	10.03685	9.702425
10.3614133392242	11.2975961409833	11.0381090069015	8.66945728866736	10.8449261241061	11.4718741598717	10.9871860781019	9.92049726829634	11.3051758480661	10.6769	11.19729	7.87475	12.62026	11.28519	13.02236	9.643906	12.32129	12.0194	10.31899	11.25909	10.64291	7.713076	8.398862	8.727035	10.90477	10.61421	9.022063	12.05636	10.54707	10.55026	10.34128	10.91348	11.25811	11.48361	10.86044	10.35595	10.67397	10.40263	9.68225	10.23219	9.459203
10.3861772199896	11.2760471888813	11.2457266013308	8.92284874768259	11.011898628747	11.5141192174537	11.1507429499635	9.82038639595208	11.4504647226114	10.58436	11.11564	8.116028	12.91159	11.33312	13.2184	9.921191	12.45015	12.0933	10.3526	11.27425	10.6243	7.561076	8.542753	9.337645	10.91917	10.69902	9.249157	12.15207	10.64179	10.34919	10.3156	11.44848	11.37303	11.2872	10.87668	10.92203	11.02581	10.42547	9.800598	10.37032	9.833835
10.213509728188	10.914235969785	10.9331152151592	8.56255139221351	10.5165210141062	11.3075261594147	10.571779061592	9.35671619868705	11.2018644736933	10.65563	10.86019	7.889667	12.74401	10.93155	12.62811	9.67726	12.27304	11.53516	10.38786	10.78597	10.20058	7.628844	8.48362	8.97162	10.505	10.55359	8.841074	11.69808	10.04728	10.16242	10.12049	10.85936	11.30873	11.06307	10.71047	10.57979	10.91265	10.30815	9.652791	10.10531	9.832808
10.0975795808303	11.1785735993227	10.9776876334657	8.68659756295976	10.4713540665464	11.30793437709	10.6781976531264	9.77140615353408	11.2485006117514	10.58383	10.92066	7.734546	12.56943	11.14637	12.71131	9.578402	12.21095	11.89398	10.1327	11.19266	10.19175	7.906885	8.472351	9.06142	10.79589	10.55141	8.676609	11.96596	10.25855	10.01081	10.33356	10.82217	11.09199	11.04425	11.29575	10.53354	10.71037	9.771406	9.643939	9.945772	9.241587
10.4049749317368	11.6016143463867	11.232106954037	9.14730836274519	11.201436874663	11.5036195273335	11.3127568061501	10.0576427518917	11.6392248990472	10.66735	11.24987	8.192892	13.10078	11.39487	13.42039	10.04465	12.66821	12.26153	10.4293	11.49128	10.72263	7.928858	8.709413	9.462206	11.1323	10.69696	9.492926	12.29468	10.81692	10.63609	10.52818	11.66043	11.55924	11.48223	10.95448	10.95815	11.02662	10.50492	10.16963	10.63507	9.894229
9.96359669345872	10.5720996025748	10.9305119499558	8.56988202329142	9.56355265925508	11.2626631778306	9.78755441448857	9.01242013236778	10.874442658423	10.45273	10.61408	8.034337	12.32316	10.89102	11.94916	9.490824	11.59958	11.42679	10.3451	10.62403	9.685339	7.401613	8.269999	8.133271	10.18912	10.7173	8.787962	11.19941	9.693464	9.524614	9.706905	10.81487	10.98669	10.73052	10.26195	10.64931	10.19295	10.12849	9.490824	9.527646	9.430528
10.2218265609535	11.2990743401893	11.0373735834972	8.74317814823882	10.6994211649905	11.3504257207517	10.8693904510133	9.82157669800301	11.3209518134278	10.46915	10.97724	7.954381	12.59176	11.22211	12.95086	9.723611	12.10032	11.86659	10.17866	11.12454	10.54546	7.229014	8.378411	8.761582	10.97251	10.55604	8.822456	11.95319	10.32317	10.29944	10.27787	11.00221	11.14361	11.39884	10.93247	10.44658	10.74267	10.10995	9.767975	10.0824	9.326312
10.5918979578256	11.6147437585083	11.2141370705931	9.08824098718841	11.2001440158973	11.5632482072876	11.4650692684676	10.0601187725239	11.5995598575866	10.69165	11.21635	8.242877	13.00419	11.31939	13.47979	10.2919	12.63468	12.21912	10.37295	11.53641	10.82238	7.678743	8.709676	9.445034	11.18149	10.73729	9.658254	12.26337	10.84667	10.81363	10.55289	11.6582	11.55602	11.61162	11.10025	10.95631	11.17467	10.26526	10.15682	10.61988	9.275823
10.1314329101378	10.7949953467716	10.8268763768335	8.84124358258376	10.3074702216667	11.0833035012468	10.4329236754911	9.23895798868746	10.9906418332748	10.40644	10.50826	8.156045	12.26237	10.8886	12.54741	9.535016	11.95038	11.51569	10.15674	10.62529	10.24434	7.548775	8.259391	8.611559	10.32544	10.51741	8.824494	11.49203	9.988405	10.15841	9.988405	10.77116	11.05577	10.91554	10.54833	10.21733	10.61193	10.23645	9.578116	9.856641	9.570603
10.178812841131	11.2092490178294	11.0092640891276	8.64945064969851	10.5579599041744	11.2267595583696	10.9184340682611	9.90414096815714	11.2814064304698	10.62948	10.963	7.688605	12.6004	11.11742	12.73895	9.360773	12.20536	11.80771	10.32905	11.18616	10.32418	7.786399	8.541616	8.754617	10.96509	10.55103	8.773808	11.92122	10.23873	10.29293	10.46658	10.9377	11.28726	11.23284	10.963	10.49143	10.70639	10.20555	9.683482	10.25418	9.178404
9.71136387307782	10.8141327657295	10.5768878887533	8.39601629928838	9.87860773477245	11.1440924182223	10.2506752662122	9.3471196918504	11.064983811045	10.29882	10.38064	7.491121	12.07194	11.07599	12.06334	9.070727	12.01977	11.67471	10.13923	10.91222	9.785119	7.232007	8.278921	8.680839	10.39759	10.49921	8.100607	11.6721	9.954048	9.943509	9.942548	10.48276	10.81045	10.65413	10.41503	10.55503	10.47746	9.468367	9.477694	9.387265	9.238446
9.9748864909984	10.711460369199	10.9775710461326	8.33608468312881	10.3333998864673	11.4326116400217	10.3614676578374	9.31917921932322	10.9547222620438	10.42934	10.70928	7.978137	12.29674	10.97121	12.37558	9.548915	11.8771	11.56825	10.14117	10.77022	9.945519	7.134389	8.301718	8.703786	10.16366	10.60396	8.780648	11.43526	9.85167	9.861531	9.93435	10.66717	10.95656	10.93151	10.76077	10.62958	10.65701	9.971248	9.606343	9.815602	9.681749
10.2341712917649	11.4556570294523	11.1200574135083	9.02527502412191	10.8778605988012	11.6146492326303	11.138680959072	10.0309013835024	11.4152246054994	10.6219	11.22469	8.026317	12.61416	11.46034	13.09514	9.813868	12.40539	12.16072	10.33281	11.42244	10.65632	7.36402	8.428191	7.957272	11.08915	10.63438	9.05448	12.40539	10.7913	10.5694	10.49527	11.24925	11.17522	11.48276	11.59207	10.37641	11.00831	10.50134	9.906009	10.29486	9.589985
9.97783955175272	10.9326530629496	11.0065862232568	8.28239106115043	9.90913927080678	11.3433160037107	10.3843978335587	9.37099834062893	11.1266697056382	10.50218	10.70732	7.773439	12.31124	11.14561	12.09929	9.365389	12.07866	11.92699	10.32423	10.93313	10.02486	7.446468	8.25837	8.972054	10.67311	10.48805	8.711833	11.81442	9.955612	9.844079	10.14431	10.58475	10.95803	10.75207	10.86569	10.80793	10.78501	9.828874	9.652407	9.726479	9.328384
8.37853942934155	8.30170904263206	10.500447940938	6.70615488416202	7.25230212452392	9.69256319234594	7.17771162725904	6.92744172484682	8.71114186401168	9.429271	8.925425	6.595646	11.17925	8.615639	9.367802	7.196725	10.22115	10.41997	9.570558	9.034945	7.252302	6.732499	7.740679	4.936532	7.840665	9.613561	6.082743	9.227198	7.30581	7.605065	8.498137	8.724283	9.499734	8.021954	2.676669	8.528422	9.417185	8.743773	7.88817	7.934159	8.000501
10.3614968690119	11.3102315369855	11.0778962026707	8.83931704241256	10.6184601429614	11.3919686721131	10.9004988055053	9.95527851961782	11.4251511405444	10.48224	11.01879	8.023377	12.79073	11.29199	12.91487	9.711385	12.43516	11.96869	10.38371	11.04691	10.55991	7.394217	8.390184	9.165343	10.95252	10.65203	8.802676	12.03467	10.74292	9.993706	10.44443	11.14121	11.19952	11.19009	10.74184	10.3629	11.15662	10.63939	9.947842	10.36708	9.568368
10.1421227947914	11.3014593893984	11.1531474855322	8.94979829621241	10.78093903759	11.4435706368705	11.0336106324006	9.99021662675652	11.4955794423927	10.56247	11.07308	8.209327	12.82594	11.13483	13.01296	9.774917	12.42334	12.16241	10.33658	11.33879	10.43178	7.607341	8.529452	9.290357	10.86346	10.61996	9.249756	12.08064	10.58712	10.43108	10.31024	11.4771	11.37553	11.22095	10.90578	10.86708	10.93316	10.40643	9.870706	10.29957	9.737008
10.0466307915719	10.6565504799887	10.8804918846809	8.75824272037474	10.3857060420806	11.53721098988	10.4301977113254	9.3937272525373	10.9922849899186	10.47734	10.87849	8.134766	12.27297	10.91612	12.5653	9.915846	11.90052	11.61756	9.913889	10.71053	10.05376	7.450532	8.250991	8.50617	10.44382	10.65655	8.871494	11.40204	10.0854	10.37437	9.931407	10.78843	10.98485	11.06463	11.24434	10.85828	10.53195	10.06085	9.446127	9.921701	9.787058
10.3219611739976	11.4643933265235	11.1455766761936	9.03033672720121	11.0062878059853	11.6150306608185	11.1632701043078	10.152187192457	11.535180353933	10.62088	11.22284	7.912371	12.58171	11.57152	13.18907	9.749359	12.46173	12.05885	10.26164	11.34091	10.89597	7.427305	8.247199	9.725736	11.13889	10.72681	8.827015	12.26921	10.80309	10.40114	10.57425	11.0346	11.14335	11.49324	10.64417	11.59126	10.9824	9.717776	9.913436	10.43431	9.530506
9.93616552565225	10.7038037165513	10.7505602199461	7.76752098422281	9.2253199664206	11.5270682661992	9.88942649238114	8.95469601495098	11.0257282411983	10.1779	10.29276	7.268736	11.88765	10.93787	11.83015	8.551818	11.76044	11.41665	10.22537	10.73155	9.68871	6.460775	8.122379	8.850084	10.4084	10.61669	7.083917	11.26387	9.555339	9.853802	9.856504	10.43997	10.37234	10.60441	10.57189	10.72269	10.62146	9.986381	9.083329	8.974738	9.23366
10.1383342103933	10.6383088958211	10.9921053134186	8.43653195549783	10.5063770387498	11.3458268800208	10.4863244107308	9.3108935274527	11.1073664745715	10.6131	10.83547	8.062678	12.4827	10.98676	12.49936	9.592293	12.1036	11.64615	10.30645	10.71031	9.96984	7.622356	8.41547	9.112569	10.09595	10.67531	8.807759	11.60664	9.874698	10.08099	10.1173	10.90793	11.16053	10.94145	10.64398	10.88034	10.71247	10.42312	9.520156	10.13028	10.07429
10.3653957147805	11.4318792795309	11.1103165069221	8.85804320695631	10.7998070552329	11.4587764340367	11.1814437672058	10.1350165070166	11.4990319675421	10.53094	11.03246	7.806614	12.6943	11.40447	12.99959	9.677968	12.45522	11.97235	10.3977	11.21002	10.66083	7.566513	8.381355	10.00438	10.94368	10.61679	8.92853	12.05005	10.66869	10.45339	10.59941	11.12611	11.26617	11.29186	10.64297	10.70643	11.03702	10.14068	9.929436	10.43622	9.672112
9.92726377812597	11.2184764403088	11.2505346884111	8.91644294213601	10.8781871769699	11.373015729252	10.8998537412049	9.94654690600336	11.4723779297466	10.56544	11.14671	8.055846	12.94992	11.53464	12.78879	9.578561	12.44502	12.20733	10.32012	11.40852	10.33737	7.550248	8.60853	9.345786	10.94307	10.60026	9.358361	12.10117	10.54523	9.85988	10.37065	11.53381	11.38228	11.03209	11.00756	10.81527	10.73365	10.36568	9.967219	10.23199	9.296973
9.59207948111902	10.3326200931652	11.0094246535794	8.27605303415734	9.727226959314	11.2508174080486	9.66434851396963	8.70893377199783	10.8689747901172	10.55577	10.74996	7.541496	12.41415	10.87615	11.78807	9.37363	11.66966	11.40331	10.39392	10.43824	9.497498	7.514117	8.420571	8.802344	10.00281	10.70734	8.259673	11.20523	9.221305	9.12214	9.643466	10.94005	10.98556	10.38262	10.24107	10.59328	10.4587	9.791281	9.686975	9.556776	9.198578
10.2101046231062	11.4121285098085	11.2058302225455	9.03540334525923	10.7381004192483	11.7175731673596	11.0201774623486	9.97582770272406	11.6000557702646	10.52921	11.05942	7.98395	12.75651	11.43976	13.01111	9.812675	12.27976	12.07094	10.43924	11.35523	10.5525	6.935643	8.566889	9.420169	11.05477	10.82812	8.688061	12.15523	10.47102	10.19609	10.48262	11.432	11.20513	11.42421	10.83356	10.87638	11.11636	10.45463	10.09545	10.20451	9.350992
9.95751655739306	10.8523899246893	10.9921472306907	8.24312771328299	9.24196583774155	11.3134372688491	10.1898917938205	9.0842726564718	10.8026244422406	10.45754	10.4699	7.471853	12.23247	10.66916	11.57916	9.232764	11.93227	11.50685	10.28261	10.11246	9.817705	6.955175	8.250965	9.212846	10.54404	10.40819	7.747884	11.36638	9.817705	9.366184	9.965474	10.17967	10.73068	10.65693	10.43193	10.56094	10.85411	10.26725	9.537171	9.499305	8.981284
10.2637641603404	10.5591521873988	11.0537880035027	8.22610833809138	10.1936112115939	11.2274275803444	10.1720376487766	8.99590259669904	10.9758916634284	10.45582	10.70255	7.96434	12.47896	10.85732	12.25544	9.650281	12.17173	11.40899	10.4886	10.31388	9.722026	7.813152	8.267401	9.734696	9.895663	10.57802	9.067766	11.40371	9.83027	9.952809	10.0008	10.88789	11.06637	10.87364	11.02227	10.46472	10.94533	10.09716	9.365329	9.914346	9.95822
10.2963272626764	11.3621685329105	11.201416357787	8.74495898601741	10.6425306107536	11.4402064783678	11.1032384172598	9.86007500826548	11.4418812014703	10.42947	10.99333	7.871803	12.68968	11.32575	12.86406	9.714331	12.19849	12.00928	10.53261	11.18551	10.4159	7.468895	8.426363	9.512361	11.00847	10.69778	8.715717	11.9823	10.49761	10.30862	10.62002	11.12216	11.19083	11.40401	11.23336	10.74195	11.10887	10.58811	9.860075	10.37791	9.598976
9.9003793400575	10.9196153416138	10.914769771159	8.50539978807058	9.51547769595392	11.3172217374891	10.5256168822402	9.3711439671081	11.0812789222703	10.47624	10.64054	7.629205	12.40785	10.76471	11.95982	9.209307	12.04573	11.63744	10.38044	10.51576	9.802658	7.060929	8.218358	9.343872	10.595	10.49052	8.089747	11.46013	9.950313	9.778612	10.07243	10.77787	10.92181	10.83494	10.67429	10.77689	10.85853	10.26749	9.548844	9.718202	9.268521
9.95192625198037	10.6824306439924	10.8524060064644	8.35540997520267	10.2098539355921	11.6018883052021	10.2138856415931	9.26268545916181	11.0558897412768	10.52746	10.93654	8.038126	12.3921	10.91813	12.45007	9.690659	11.88014	11.64059	10.18131	10.93043	10.04312	6.598099	8.082925	8.303365	9.997076	10.57682	8.565676	11.39374	9.854573	10.11818	10.04991	10.79301	11.04348	10.73668	10.81441	10.43378	10.68243	10.05216	9.610349	9.838994	9.78039
10.1645811076305	11.4363585264428	11.2014538022605	9.12906262491214	10.8981652369598	11.5849542967509	11.1199925912206	10.2147210097256	11.4764898457893	10.4852	11.32156	8.227764	12.63747	11.46579	13.15834	9.897555	12.40331	12.12802	10.22382	11.43322	10.6656	6.950714	8.325692	10.03621	11.07747	10.71418	9.053513	12.33695	10.8625	10.53867	10.55029	11.25391	11.12486	11.52292	10.72318	10.44531	11.00966	10.51515	9.890718	10.39304	9.586638
10.3757714776889	11.5674965364855	11.1473987814387	8.76594576347206	11.1205576274962	11.5975311479872	11.1825443124012	9.98978750605888	11.514428008162	10.64528	11.1871	8.14034	12.75492	11.53353	13.23025	10.10233	12.5623	12.16142	10.3995	11.48515	10.95427	7.453504	8.494747	8.989321	11.14128	10.64273	9.403403	12.13864	10.69677	10.56792	10.50143	11.16348	11.2841	11.4295	11.15636	10.85081	10.89728	9.75147	10.15904	10.23541	10.02229
9.82010216279926	10.6349621719113	11.0561230444377	8.47235397711491	9.85621754054028	11.4454849956928	9.99055472714617	9.14837564347722	11.0421645880604	10.62838	10.86693	7.987661	12.57243	10.83108	12.04892	9.697635	11.91522	11.44111	10.41431	10.61956	9.757155	6.989055	8.496649	8.437638	10.23825	10.72406	8.62562	11.27201	9.763174	9.670135	9.920468	10.79334	11.13561	10.87343	11.1224	9.978533	10.5826	10.15218	9.517067	9.755143	9.521809
10.3354271240908	11.3992900639643	11.2013106787369	9.04186084905651	10.7855653378024	11.6030453857738	11.1243438608199	10.1532369106408	11.5430307945708	10.65451	11.19407	8.221935	12.81154	11.46244	13.10421	9.760815	12.50122	12.11543	10.41077	11.45413	10.71648	7.41148	8.517249	9.841831	11.16288	10.79277	8.902163	12.16951	10.77468	10.37439	10.56049	11.28379	11.25101	11.38266	11.16658	10.72781	11.1489	10.1644	10.03661	10.38556	9.555723
10.2153447000188	11.3039434129316	11.0557677987384	8.63911359702167	10.5274293555859	11.5052867317842	10.9542213652251	9.77621248699374	11.434288280243	10.65174	10.96037	8.066552	12.72369	11.48153	12.77938	9.609823	12.41686	11.96393	10.36071	11.25073	10.45551	7.188682	8.423264	9.330927	10.92768	10.61426	9.015119	11.96516	10.49616	10.38164	10.38226	11.2677	11.13295	11.1727	10.88477	10.8249	10.94018	10.23103	9.825573	10.18695	9.615031
10.2347664550039	10.7255132641173	10.9663913342656	8.59860871765176	10.307109137043	11.5674554156907	10.5719844182545	9.43717953900511	11.0782535533078	10.52778	11.02378	7.83543	12.56034	11.11763	12.56645	9.861705	12.11834	11.53302	10.30101	10.73006	10.13413	6.61224	8.452234	8.94358	10.41828	10.65939	8.927841	11.49988	9.931235	10.24496	10.1148	11.06321	11.04873	11.24183	10.54129	11.0014	10.8856	9.973241	9.632361	10.04502	9.819685
10.2143423535424	11.5466029524738	11.183560660891	9.00949902759233	10.9169590265519	11.6161182487989	11.2634898979759	10.0792407853446	11.5640573715576	10.68492	11.26052	8.188828	12.69402	11.45602	13.10146	9.840698	12.40187	12.07897	10.34686	11.43403	10.71649	7.10755	8.427998	9.251379	11.15185	10.74142	9.034761	12.13941	10.67692	10.44329	10.5991	11.33922	11.17096	11.40635	11.0147	11.75811	11.11416	10.35468	9.964164	10.48359	9.535205
10.0164159134136	10.9108494144557	10.9257932432723	8.01928951154558	9.46392168893708	11.5335929197075	10.2466038329637	9.03309643630393	11.1120740161386	10.48723	10.60507	7.505417	12.11424	11.14796	11.92548	9.072244	11.91522	11.67794	10.33812	10.91741	9.885901	6.698407	8.220646	8.916347	10.65468	10.63436	7.789247	11.49904	9.769569	9.898266	9.989997	10.75065	10.81828	10.84801	10.1663	10.91787	10.75641	10.08957	9.458793	9.402478	9.427633
9.933631909364	10.7120182225435	10.9550407716682	8.51149292202377	10.3636012417152	11.5785977731744	10.4088387692217	9.34958223481659	11.1223937064164	10.70214	11.10167	7.938642	12.68076	11.20321	12.42925	9.747668	12.10583	11.61824	10.44219	10.81337	9.990649	7.058442	8.589791	9.189101	10.36499	10.91379	9.12153	11.45922	9.636803	10.04723	10.1781	10.87426	11.26266	11.00321	10.75087	10.98432	10.86446	10.2849	9.578003	10.12815	9.568369
10.2583510139566	11.4356225329399	11.1547688628793	9.12028134463723	10.8413949179248	11.6144499754243	11.2790946066835	10.0344918904085	11.5349098163562	10.68904	11.24684	8.248764	12.83252	11.47593	13.04954	9.726122	12.55591	12.00721	10.46817	11.34276	10.72675	7.109263	8.488393	10.06803	11.09612	10.67327	8.976738	12.14574	10.7476	10.53293	10.71333	11.22876	11.2804	11.5289	10.73247	11.59	11.15477	10.47387	10.01742	10.58124	9.579482
9.97970905253271	11.1624157621652	11.0762215944705	8.78579123460979	10.4347324340955	11.4668193080079	10.8346136105893	9.60358774801897	11.3317045144894	10.64931	10.94002	7.96474	12.72132	11.29576	12.67203	9.540012	12.34834	12.02249	10.31277	11.12981	10.42389	7.08382	8.375808	9.338693	10.80738	10.58662	8.55962	11.9152	10.33133	9.884265	10.32928	11.15665	11.21406	11.02606	10.89776	10.9719	10.91927	10.42645	9.776047	10.14965	9.386798
9.78715709920642	10.4991107803497	10.9034508933618	8.40461566711976	9.38932000257716	11.1641977650368	9.7022410581065	8.8032663841224	10.8393363001236	10.33043	10.51803	7.902007	12.2952	10.73113	11.81421	9.426999	11.39157	11.43346	10.20925	10.58109	9.714013	7.00546	8.231913	8.264309	9.980831	10.63905	8.381175	10.88378	9.362645	9.307769	9.644361	10.73228	10.92184	10.56818	11.02466	10.11473	10.23725	9.828894	9.604443	9.547686	9.496805
10.1091082622842	11.2597925842884	11.2282504669297	8.80881196642229	10.4883022841782	11.4085319398559	10.8199122766353	9.7826630055283	11.3906793670257	10.31244	10.42438	7.862921	12.58074	11.2213	12.81595	9.674877	12.0709	11.97583	10.32416	11.10455	10.5406	7.312295	8.544975	8.164958	10.82175	10.57916	8.558276	11.87228	10.27668	10.20099	10.27266	11.282	11.05616	11.22617	10.40489	10.58783	10.79017	10.33965	9.989865	10.19107	9.404907
10.2729483249609	11.4722689097785	11.1618393111424	9.02029747794583	10.9436679132946	11.4079501164368	11.073556240453	9.86028121632069	11.454263727354	10.65139	11.08968	7.999943	12.79785	11.29077	13.04578	10.08315	12.447	12.11959	10.37577	11.31217	10.61539	7.560415	8.710901	9.278744	11.04113	10.52394	9.363195	12.11763	10.56174	10.20054	10.43665	11.2876	11.40092	11.43201	10.78885	10.79824	10.9368	10.19445	10.04682	10.36075	9.729774
10.2627776073128	10.8538645805501	10.9340758626559	8.62845664996471	10.367061817624	11.4324448412041	10.8049288141359	9.44412521980519	11.1208381387982	10.76081	10.93984	8.213188	12.68426	10.90415	12.65168	9.848497	12.40872	11.54835	10.48023	10.70347	10.41236	7.206639	8.375264	9.107366	10.47528	10.49108	8.708367	11.47874	10.1278	10.04191	10.26393	10.99836	11.15223	11.08224	10.76893	10.63313	10.99005	10.3324	9.693246	10.25007	10.01758
10.1126795928456	11.3715607240011	11.1001806879561	9.01383478929334	10.6445821726104	11.4714809736616	11.0454380101337	9.96573541006498	11.4725592133584	10.69626	11.00502	7.949649	12.73023	11.34708	12.81024	9.713675	12.32336	11.95767	10.46662	11.12096	10.52287	7.442151	8.482483	9.595908	10.94025	10.70271	8.663385	11.80768	10.53221	10.35177	10.65317	11.24918	11.2148	11.40131	11.51137	11.4047	10.9998	10.36345	9.917458	10.38193	9.458987
10.2818585776385	11.3953309976525	11.1013087833249	8.94178768280698	10.8707982026536	11.4770885810942	11.2079671572877	9.85008370662332	11.5167410109858	10.69935	11.22012	8.25235	12.87998	11.45233	13.12685	9.937438	12.60068	12.09131	10.42172	11.22671	10.62541	7.603584	8.516492	9.470601	11.01981	10.60421	9.226648	12.11063	10.60309	10.21203	10.42999	11.43884	11.38359	11.38719	10.96177	10.87406	10.97487	10.39208	9.956054	10.4731	9.765162
