39339
40937
40936
42017
41729
33642
35929
39161
31489
40250
34403
38928
19836112
19835734
41968
19835976
19834874
40692
40234
32479
5740826
5740440
37999
34372
36168
5740752
35993
39233
19835888
39226
39225
39227
38958
35999
35997
34219
50225
35119
39935
47762
50227
43033
33109
5740215
48340
41774
39204
41768
41766
42557
44790
41775
43031
39208
39521
39520
39522
39525
39524
319020
261613
34736
36003
35121
37822
32529
41158
36076
43182
19835270
19835718
12797937
12798184
14462753
19835332
19835811
19836055
19835574
19835716
19835151
33230
38941
38940
19834909
38938
38937
38936
38935
39758
43616
34921
34945
34939
38796
31664
12797909
34712
34713
12797974
34711
34707
34709
12797970
34706
43093
45739
36139
36561
39760
33413
31204
43570
43571
41988
43572
39836
31554
38879
117361
59233
3885587
2768834
3885588
3772292
38255
26067222
38252
2768833
2768832
38258
38256
13084068
34401
12798343
12797873
38148
32430
318104
318103
42781
38150
43180
34134
3354996
34394
3354991
32140
39138
41963
41960
38044
12798373
5740147
34397
38130
44007
19835848
19835005
19836199
38306
34090
34088
34094
34095
34092
37985
36918
36921
42373
36912
36913
36916
36917
42364
31407
42362
42363
42370
42371
42368
35022
39099
33806
31402
32335
5740513
38142
32330
32328
32327
32326
40228
40231
35227
40226
35989
40235
33655
33656
246530
41537
37875
37876
37480
36927
46008
53543
36976
47895
37866
3772672
19835163
26067220
41372
41203
19836070
19835779
19835105
41384
5740241
41205
41206
33540
34179
36268
326155
42237
50224
326126
42325
43718
326127
40486
40485
43735
40487
40491
318636
48613
40492
31030
40094
38614
47091
39090
31706
36352
43197
43196
43203
43202
43201
43200
34260
34258
34262
50364
39386
41214
41213
41215
41209
41212
41771
39388
43826
39783
39780
39781
39779
39776
39777
39791
39784
39785
35247
35244
35242
35241
35251
246501
246496
41387
12798308
44079
36863
35042
35996
2768909
318651
33779
32279
3772581
35326
3771991
41675
34683
38443
38444
32057
38446
41360
38453
35114
42843
35115
36193
36194
33131
39149
36197
36200
37769
33003
34093
35334
39151
40160
43727
40242
44728
14462735
38619
14462861
38613
14462860
38620
14462441
43728
36270
19835386
37267
19835288
43656
41852
33011
37861
43729
39400
39415
39413
39406
317856
48421
42305
33171
38145
33650
34064
33199
37118
43730
3885599
41139
12798518
12798517
43731
40198
31565
36214
36215
40972
43579
34295
35594
34341
38294
38149
35058
32640
41458
41459
41451
41452
41453
41454
41456
37201
33351
43034
319014
41697
36240
38091
7354430
42563
7354381
7354376
7354378
8673992
34987
42600
7354405
43399
43400
43401
43408
35938
33460
32573
19834935
32568
32570
32571
32572
39102
36345
36872
35305
31620
31623
31624
31626
33854
8674075
318563
43539
43535
12798479
12798256
246550
318243
35934
246551
246552
246553
5740176
33565
36302
34626
36959
35500
39850
41072
41823
31523
43095
2768940
5740321
317926
40970
36475
36575
40921
32013
32110
3771736
40916
32002
40920
2768870
5740243
37927
5740143
5740805
39301
36022
39294
36014
32109
39440
3771859
41798
50208
50209
50203
50205
50206
41790
33489
35243
33455
37918
36643
37919
42136
39545
41166
39543
39541
39550
39549
39548
39551
36617
37924
14462475
37925
14462346
14462345
5740592
37926
2768679
319048
3772462
3772474
40879
41217
3771770
34427
32817
44228
35291
41457
40633
40145
31989
45234
31896
19835743
31780
31184
31157
3885607
12798556
3885637
38914
38913
38917
38920
38919
38922
38921
47065
19835458
36202
34725
34727
34729
34735
40248
318824
251270
326270
252554
35635
251430
326329
37311
10178878
37576
37889
37886
40185
12798185
37603
41662
32874
19835372
43745
38945
37131
35634
31251
38944
19834997
4379869
40279
38943
47141
4379884
19835824
10178827
39860
5740467
50250
41611
35427
41182
35259
31964
31605
45329
39268
42412
40682
39111
37433
31085
26067515
34922
34891
42299
36880
43070
42051
42050
38073
38072
42047
42046
42045
5740472
42054
31124
33161
37223
37224
34023
37221
37222
37215
37217
37218
42345
44672
42347
42339
42340
42342
42343
38630
43281
2768976
40210
40211
40684
40207
43838
317973
5740664
43672
39922
45399
33579
14462585
33672
33670
33676
37129
33677
38622
34145
34710
41586
41583
43098
41589
41590
43099
41423
44266
33458
34704
33307
38296
43253
44484
39527
39533
34702
5740740
42110
35522
33313
32092
31226
31270
39134
36850
31020
31021
326125
318626
31222
31229
35143
318623
40468
38452
48422
40472
32203
40470
43565
42871
32198
32201
32195
32194
42491
31800
40481
39165
40945
35475
38824
37356
39234
36494
36496
36498
36499
43178
39695
19835915
43174
43176
19835883
32112
34416
40408
19835271
19835175
19835100
19836153
19835307
41149
41148
40795
40309
40796
40307
44632
32123
46717
30522417
39115
40484
33074
43236
32130
36428
38726
42452
32339
38484
31939
37464
41656
36748
35611
50149
246596
12798216
246489
246488
12798319
43359
37417
35851
59141
35147
47396
46243
37047
40593
36375
38429
3772075
38421
38415
38422
38423
42985
36554
35950
33203
19835821
117464
19836046
19835837
19834860
19836125
19835330
36276
36277
19835752
33373
50316
34620
33985
35267
35265
34616
35268
34613
35270
34611
34610
37069
38639
38640
38637
38638
38635
38636
38633
40358
8674019
31106
31101
35801
36606
36875
48805
35184
49077
49427
43516
317867
34474
39739
31874
42992
34811
34469
42984
42983
42990
34808
34806
42987
39432
31434
19835736
14462519
34824
14462472
38261
12798074
34836
43216
2768841
32035
41426
41433
41436
5740316
31162
32107
34319
318998
37469
33893
7354476
7354433
33894
33059
43423
31535
43421
43427
43429
43425
38895
34976
36334
32087
35385
46027
32135
3772100
39125
42444
37461
12797872
19835485
37729
37298
3772342
31692
31687
36831
36046
31695
3772087
12798118
12798081
19835150
12798272
32660
37304
42726
40760
41226
36146
32591
37155
37874
39004
19834792
37148
37147
39619
40870
40994
32036
32552
3771786
32549
32034
40984
32548
32542
32546
36038
39269
36186
39271
39274
39276
36045
39828
31767
37941
50190
50188
42817
2768670
26067063
41816
32478
39365
34441
32946
53560
246565
35832
2768981
10178842
19836154
41860
34594
14462577
47399
318720
326136
14462354
318722
318721
37188
31247
32761
32763
32764
32765
32766
40741
32769
42497
246456
36818
246452
246454
246448
246449
246451
42498
35124
35125
31214
35127
35131
35132
12798380
31217
31213
31211
5740200
5740504
5740250
19836071
19835188
19835660
38946
19835198
41964
3771949
3772712
251466
3772228
246638
42527
2768688
42528
36239
43742
41961
35009
37629
37882
35006
37018
326208
45780
31152
326240
39977
10178961
14462504
43276
19834742
41178
38478
41441
2768910
36354
246562
43402
38594
43974
12798510
12798088
40026
12798010
42624
35910
19835641
8674046
8674001
8674071
3772238
36210
8674072
8674021
44127
40191
32754
32941
19834786
42021
32694
42583
41092
38090
38093
38096
38095
38098
38097
40559
38017
41279
41097
40167
39431
39737
45012
37245
5740294
40581
19835317
34048
37197
326153
34047
36859
36860
34042
2769007
33431
37250
33398
33399
37199
37200
42322
246671
246670
246669
37249
318108
44272
318037
34030
43298
318211
47757
36718
44271
37897
326211
37143
39033
46156
33559
33694
33695
33696
33689
42502
40699
33700
44839
12798537
12798301
12798466
8674120
48309
19834885
8673970
5740527
251711
5740733
7354411
42369
3885667
10178859
10178870
261617
41959
326159
37646
318856
35404
35073
41398
40162
39493
40441
43383
37089
40437
26067587
41779
40054
42249
41089
40447
41427
34974
40874
34031
36525
49090
39484
3355084
43284
36522
36523
39257
43252
43251
43250
43249
43248
43247
43246
44131
43257
40861
41173
41164
38559
41167
41165
3771922
41172
41171
43936
34235
19835610
19834913
19835455
36754
19836177
38828
318206
34829
44392
46020
31267
34021
46017
43833
33604
41254
246606
37954
246605
36914
246608
42671
3772110
35946
35948
35941
35943
47272
36759
38403
38404
46719
38399
38400
38402
38395
38396
38397
38398
35628
35629
32588
36255
39612
12798079
36249
35621
35622
35624
36245
35626
3355165
34689
32582
36235
35544
38284
53425
43772
43780
43779
40680
43754
37872
43136
38369
33647
38364
38365
38362
39861
34847
41491
49779
32746
38590
53550
26067129
35917
38753
32556
3771981
26067124
3772437
3771879
3771838
3771816
33505
19835193
31110
31075
31007
31278
31111
3772246
33529
31855
40515
38981
31463
31464
34754
34751
43009
43014
31456
34747
43004
34749
43007
33830
33828
43103
42742
36753
14462548
8674077
14462623
32851
3772180
246538
38131
43100
41408
41409
41410
8674024
41403
41404
41407
43101
40788
32585
32428
41858
31084
39122
44660
43944
36411
14462448
43450
43451
36692
43453
43444
43445
43446
33015
33014
33017
43927
33018
33022
33026
33024
38168
38979
38154
38244
33769
37539
19835207
19835016
31667
31668
31663
31666
31662
38341
43875
34156
41983
32539
45786
36784
32686
37418
35511
37422
37421
53448
31332
37128
37130
42828
40388
53569
37125
41601
41610
41608
41615
40967
32055
40966
32053
40964
40960
32052
39801
39803
39802
39797
39796
36829
53513
53511
53512
44317
43670
30986
45398
47905
43215
43193
48535
2768961
36018
39628
40598
31813
36915
36693
40789
32976
3354965
14462570
14462668
14462506
44086
33402
318737
35397
318734
326138
40488
32740
32737
32738
32741
32742
32745
32747
40490
26067444
5740115
5740216
5740417
35155
35156
35149
35145
35146
35152
35153
35150
35151
31163
31189
45706
31195
5740356
3772520
31399
3772655
36507
39834
318901
32979
38871
14462499
39109
19835375
50416
33409
117476
35504
59170
59172
59173
39943
59176
2768865
19834996
33981
39079
39074
39069
39067
39083
31665
39081
42939
3771892
41547
34961
37261
34912
43997
43329
43926
26067072
26067556
32739
38223
10178956
37860
42958
39396
246601
34405
38113
39224
38121
42606
34406
38124
42598
31980
34280
31942
34408
31970
318151
38934
19835712
34353
39683
33766
42950
33207
8674115
19835032
34888
35979
10178840
33771
39220
35985
40258
50105
5740534
317987
40249
39219
40256
50302
40273
40255
48440
36964
34913
37657
19835749
41889
19835727
19835103
19834718
31025
318930
31224
34622
40589
38916
32078
31824
39422
33432
45285
19836255
31829
42904
42903
42901
42900
42899
36891
33403
36883
33401
36895
42906
42905
26067252
26067253
40423
40421
33001
40419
40418
40417
40416
26067254
33669
38235
34618
44446
46813
43227
36457
36458
43218
43217
43220
3772449
43221
246682
37062
326171
37057
37058
33719
37053
37054
33715
37056
3772344
3771915
3772640
41087
34615
31898
31897
33418
38831
19835292
33473
19835669
41777
37573
42643
3355150
37134
246616
35496
31712
32483
12798401
39434
39435
39428
42647
39426
39424
39425
32606
43587
43791
50170
50169
42022
40816
41861
41863
41867
41868
41869
41871
38381
38375
32264
38373
38374
318139
38383
35599
35600
39637
35604
39641
35602
32688
19834947
39646
19835087
39625
50002
50001
38889
49997
46000
37400
40045
32855
42117
33627
39871
40834
246668
37206
38495
32876
40817
43819
38723
33782
34910
41742
36491
37837
36868
32584
19835116
44554
14462875
38337
43828
14462872
19835911
40224
19835741
317891
31174
31171
31170
31177
19836246
19835472
31026
19834929
32875
32440
36876
42937
42935
42934
31377
42943
44059
34872
36242
42967
32871
47408
59217
37011
39744
40232
45396
12798340
40990
41880
41391
26067399
40691
38322
43630
26067187
39684
43300
43474
43475
43472
43473
43471
12797916
43476
40267
26067406
35561
42881
37912
14462467
14462557
35394
14462556
30522409
38961
35565
35398
31536
50391
33973
33972
33971
31532
33978
33977
33976
33975
33983
33979
19835854
3772109
38259
31537
40216
19835077
8674068
32159
30522407
37588
42663
38680
34835
37106
35674
53428
37101
37798
43149
34037
37445
41634
41633
41635
41629
41631
41638
3772494
10178892
48335
48336
19836007
32881
44438
39035
38918
33931
33957
53554
32581
33914
318865
33928
42842
33910
53566
41927
42175
33445
42172
246539
39746
42174
19835416
39757
33211
12798430
48387
3772662
4379867
4379815
4379907
326142
38708
318744
41013
12798523
38454
7354404
33778
44279
32719
32720
32711
32329
32715
32722
32726
39041
31151
5740205
5740257
41371
5740186
5740465
5740365
39883
39881
39880
39878
39876
39875
39874
31142
35177
35178
31156
35172
35426
35174
326237
43229
31155
31143
3355129
19835761
39289
3772365
41359
41370
43825
40129
47869
36421
37214
33829
42962
39071
3771872
318913
35031
19834824
42438
36583
326267
34956
39075
49165
34950
48785
32604
40993
32075
32076
39195
32077
40370
35864
43278
39191
36154
3772165
19835021
19834788
4379854
34307
38159
38976
38157
38156
36862
44433
49297
32259
43809
32721
40264
42571
5740672
42122
36034
49803
35118
37962
36409
44013
5740751
3355145
42625
5740547
42622
42621
38783
34529
246602
40612
37780
42076
42628
39953
43304
32579
59157
59151
41627
59149
59150
39956
39870
39869
35859
35862
318016
31917
36489
318014
41864
38677
38419
34815
34784
34781
34892
34809
34818
3346142
34839
34838
31404
38612
36382
39455
38161
26067531
3772559
37986
12797919
12798144
12797895
13084062
12797968
12797967
12797966
192528
38615
35587
48228
31309
36547
36838
34153
34154
34881
35488
33481
39150
33472
33474
33475
33476
32128
43291
32125
40399
40401
40400
32300
40402
32138
32301
32296
32294
32298
32297
32762
37345
32567
19836016
39144
45848
36477
36478
36471
36472
37378
35680
35176
40294
326151
33742
33743
33744
32459
36809
33219
33748
33749
35679
31920
2768661
31781
31899
38528
31587
36982
31922
31921
38047
19835328
40303
32099
19835029
19835089
19835585
19836234
40851
39481
33083
37075
36924
5740536
42894
36589
41666
37203
5740866
40579
37230
42710
35891
35892
35893
39404
35895
37063
35898
35899
35901
35902
42036
36377
37663
44150
37659
32838
34553
36431
41832
41833
41830
41831
41837
41838
41834
42297
41841
3354987
33444
42450
36304
36297
338392
45401
36301
36303
36300
19835567
37741
39574
39575
39565
39567
45460
19835243
35673
39577
318981
250736
250735
35347
35346
35344
35342
35339
35338
35337
35335
2768671
38493
41247
40233
43669
43823
43274
318227
33966
34225
32668
32671
19834948
34227
34223
34221
34220
32752
43271
34228
19834984
36614
19835980
37594
37784
19834864
35129
19835481
3771806
33120
38846
42969
42968
34402
117496
19834743
37914
34395
3354988
34393
42961
42964
34398
5740457
19834789
19834897
19836122
31408
19835646
39439
38208
19834782
19835066
31414
38714
38715
38711
38712
38713
31146
36848
38751
3885579
14462438
19835612
35546
117460
117462
45587
44978
32039
40048
32007
40891
38249
42142
42143
12798326
37198
42134
42135
37920
37921
37923
42139
42140
42141
19836190
12798116
59144
42057
40368
326116
31708
37654
32457
33948
33947
33950
33519
33941
33946
42060
33951
32853
19835905
19835523
10178905
37087
33082
39319
37470
37468
37078
37466
32183
37084
37083
33078
32045
34009
42267
30522392
30522393
41657
36015
38793
41652
41651
19834763
3771728
19834920
41866
43916
19834814
19836230
19835543
38372
14462702
31475
50432
50433
31038
34873
50424
42789
32221
39721
40664
36780
251984
26067287
26067289
39659
31127
35424
35954
33468
36571
42933
32849
41848
33692
34568
42065
19835996
49953
36005
41330
35866
34728
38032
36020
36513
34546
43502
40395
32361
318753
40925
42303
326144
41102
41091
32695
32693
32690
32691
41100
42931
38821
35854
30985
42936
39844
39843
39847
8674109
39854
35405
35402
35408
35198
35407
36059
35411
43231
40935
36484
5740210
32518
14462913
37233
33093
34658
43895
12797863
42483
43493
43682
41981
36497
326259
37191
42659
50068
33721
38326
45021
34542
30984
44289
32624
35021
37397
36136
36135
36129
36134
36124
36123
36128
36126
5740236
5740792
5740644
35100
34506
33349
40642
38652
34897
3772382
31621
39385
38184
38183
38186
36368
38180
39382
38182
38181
12798331
39383
3772196
38187
36366
3885617
34006
36364
41993
40017
40632
42366
3346141
35013
33781
42646
42645
42648
38682
318137
318136
318135
326226
36373
35523
38779
32239
43930
36307
19836209
19835698
19835829
59216
41080
326109
59215
12798579
37209
246511
34013
34011
42028
34010
8674039
40217
8674084
35787
37202
14462899
19835596
117346
39842
37027
31555
3772538
44307
40436
33107
41364
31376
36544
32149
41369
41368
41367
32513
47769
48450
36746
44135
40835
34038
14462671
14462672
42846
42845
42851
31944
42857
42353
36839
36834
36851
38782
36840
326154
39566
32108
32106
32101
40847
40852
36521
41910
31364
40857
35097
36246
43059
40314
48571
42889
41236
39751
38137
43273
39558
43270
43269
42993
19835262
3772015
37823
43279
41917
33282
40213
3346162
41231
37734
37867
41230
33139
40215
40214
31368
35396
31486
37123
35395
39143
41239
39244
36641
40218
19835649
39769
19835289
37623
37624
37627
37625
37626
37632
37633
318662
318663
318664
35924
35925
5740609
39621
35916
35918
35915
5740234
40016
41298
40007
40008
40011
35400
40019
37727
37728
37720
37721
32646
26067203
37730
37731
41912
41914
41907
41908
36309
41238
44843
31934
42547
31940
31943
40617
36990
35651
35652
39597
39598
35647
35648
35646
37928
40616
33688
42866
36001
32551
34250
38065
318992
318990
318991
26067130
26067131
26067134
26067135
26067137
33683
38629
33686
326167
38214
33901
19835645
41573
19835820
36029
53438
40066
19835605
19835382
19835185
49892
34378
19835131
19835659
19835900
19834833
19834759
19836213
19836163
33343
32278
31144
36492
46386
35825
35940
3355130
45326
38015
33274
32199
30983
7354470
34557
41842
39747
41772
31374
41094
37415
41318
33963
26067087
33469
32922
44900
35054
3355171
248102
37869
32780
36213
41313
33599
326260
39592
50356
32821
40067
37891
37893
37901
31261
12798575
42165
5740822
32935
33930
32574
36632
36578
32056
39907
36587
33925
33924
33923
33865
34993
33918
42109
34978
3771934
317841
326191
317842
326192
326193
40031
39885
37485
37488
37487
33102
37489
39267
33094
44965
46415
41676
41680
41679
41686
41977
32662
32663
32654
37190
40981
32664
32665
39812
38515
49821
41978
14462710
37116
32079
14462714
50270
50267
50266
42947
35351
318879
318878
35348
50271
5740583
37034
42348
31243
44038
12798108
37407
53436
43622
43623
43614
43617
43618
43620
43621
261626
19835394
40505
39320
41067
40637
40638
41070
40640
39430
41069
34277
3354992
19835426
37973
43739
38371
40374
34791
43038
33389
26067451
19835973
33306
10178871
26067453
32207
39266
35386
38122
31227
43687
40610
35383
35384
43310
39332
35390
38013
37414
38999
37288
19835283
10178936
44885
31722
31187
31185
42226
45973
19836245
34582
38177
326264
39213
318948
34893
33984
36108
36103
36209
36101
42481
36111
36110
40922
38212
38211
326254
38207
38206
38205
38204
38176
32696
38754
48844
38581
251900
41938
35701
42805
31567
39387
36387
14462430
14462478
12798244
14462465
14462450
42641
36638
32006
37086
34379
40918
317903
42668
39978
3771992
31266
32154
3355158
2768853
32097
34373
32089
326229
47173
33192
35168
3355163
3772560
34368
39048
19835789
19835227
35841
12798545
33777
318032
36019
36016
31000
33775
318977
40412
326216
50191
14462892
14462893
38109
26067565
26067566
26067564
33784
31236
39205
53444
40832
38788
37070
38769
31442
5740812
36002
33764
31782
3355160
44915
31717
41228
31779
42877
33304
33305
42873
42872
42875
33298
33299
33295
42882
33303
33300
33301
32982
32984
38103
50207
45278
3355131
37090
41797
35340
31795
33768
33288
34286
38174
46234
44548
34036
33293
12798520
12797902
41789
12798044
12798498
12798494
41791
3771856
31714
7354471
42309
42310
32177
32176
40758
32072
5740668
39366
5740152
35107
39362
35849
39364
39359
35846
34794
37706
37708
37301
37302
37305
37306
37307
37309
326227
41895
41896
41891
41888
41890
41887
38738
43517
42799
48971
26067083
32104
26067038
40225
43709
40229
317924
38798
317923
50055
42284
36288
35252
33025
50061
38146
26067150
261615
32911
26067155
36102
318950
32905
2768889
32903
32909
318954
32907
32906
3354896
31104
38492
32974
35264
34169
34165
34180
4379912
34181
12798429
317996
19835497
19835526
34044
35085
19835157
38232
37390
46074
36308
326253
43788
43786
34446
43783
42654
32625
43012
14462491
43794
37725
14462528
37501
37726
32928
35425
44522
45894
34629
40554
31054
39002
2768949
2768982
2768958
3772330
12798076
3772327
38367
41014
3771811
39939
37733
37888
42273
42689
36130
41269
37965
37961
38169
40999
34805
43135
35527
38823
33842
33840
33898
33838
33900
33899
33844
33904
33850
33849
39178
260659
326186
39180
326185
39188
31543
34955
318046
34962
34963
19835740
36893
46201
33035
3355144
3355139
33028
35532
3355125
35281
37451
47729
31669
42159
31890
47730
4379890
14462537
318608
35531
42758
42850
43404
14462596
14462633
42221
42975
326121
318599
26067327
26067326
318874
26067324
26067320
42763
33105
43990
40382
14462566
37841
44263
42158
32561
34005
26067094
42553
43593
43591
43592
43601
40669
38435
40659
40656
38703
40666
41045
41047
41048
41041
41042
41043
41044
32126
32358
41357
41358
14462435
35757
35336
12798284
42059
32088
34364
35762
31625
246533
246534
37384
37360
36282
40297
40009
41971
37478
40543
33530
31153
34734
36292
40547
33185
32816
38500
36293
38663
36081
36079
39766
36082
36084
39770
38747
19835130
19835639
31905
31003
44668
19834861
33285
40996
41000
35366
35364
35358
38971
38970
38969
38230
38975
38974
38972
38239
44679
19836084
33920
35754
35077
33919
4379891
31945
50024
41862
40051
35761
5740691
35853
43569
31458
43627
37335
3885654
37402
43150
43151
43153
43152
32387
34141
47764
36932
32462
34564
42160
40372
35088
35089
43316
31557
43315
318260
8674034
19835403
14462573
42617
40982
38957
19835418
31290
14462842
43436
41783
2768680
41522
44291
43308
39951
34730
39570
41095
39866
43662
42801
42800
42798
44014
42791
42790
39251
3346201
33371
33372
33367
326152
3346160
31107
3346239
33007
45282
43768
39166
326214
5740320
39672
37748
36846
31186
39645
41291
33861
30522413
19835713
19834892
31264
19836008
40339
40014
49636
19835153
12798408
19835479
33640
34554
40033
33628
49952
33639
37991
32150
40052
32230
40779
40782
32153
32234
40041
40042
40044
40046
40047
3772101
39964
39965
36676
36683
318235
36680
39336
37871
39973
36685
36686
35877
37325
37322
37323
34061
37329
33864
36732
37330
37331
35374
36609
326262
39223
38809
40003
43749
41571
43267
43785
34058
36203
35639
318228
44029
38226
35061
43379
42485
47901
47900
40813
37662
39899
43950
326164
261629
326163
34938
42003
40624
40619
40622
40621
36945
40615
2768869
50358
37592
246513
37595
33552
35588
5740816
5740462
5740446
5740378
34669
31461
34204
34203
34198
38447
47877
33477
42944
34206
34205
38469
2768681
35702
35691
35689
35690
35697
35693
35695
43830
34429
43037
43036
43035
3772012
34422
34421
43820
3885565
43029
34425
48481
31010
34052
32471
31367
31955
34970
43222
41477
41476
338395
41473
14462715
37080
41479
41480
38600
38601
38602
38603
14462692
8674074
34980
34775
37788
34964
37787
31355
31352
44275
31365
31366
39238
42118
42115
42116
38772
38773
38774
37940
26067452
35327
35927
33814
33279
33810
33809
14462480
33284
33283
37551
2768980
37628
39105
326183
39306
33942
317834
43913
31398
46194
26067266
44030
44258
36460
39217
19835890
19835856
19835613
3772141
12798477
40205
19835787
34738
19834985
14462761
14462836
12798040
14462845
39018
40987
318947
3885573
318593
318594
41075
43030
326118
26067059
26067058
43001
43015
2768678
42176
47121
41431
35959
43558
43559
43561
43562
43554
43555
43556
43557
43563
33057
33056
32493
32494
40695
40696
41028
41029
40690
41027
42356
32488
40686
32490
32492
32623
32514
41126
43770
35913
41566
43163
39940
40844
50428
38959
38576
32098
14462449
32470
53472
50405
38076
43447
31849
53558
38074
35670
246656
36752
42049
40849
42503
38578
44117
31659
31023
35830
3354921
37833
37832
38069
5740621
32095
37825
37824
37830
40843
53435
32093
41549
5740459
40841
41551
34593
36681
41281
39098
39106
39104
39103
35554
19835774
31579
46006
39740
34591
39742
39741
326256
3771927
44643
33883
42971
34587
34193
39352
34778
39351
38992
38997
38994
39008
36385
36386
59128
3772323
3772547
7354398
3885664
36376
42379
36697
318854
41071
318128
41068
32352
40643
37315
38046
37314
5740697
34027
5740419
5740198
5740107
41074
5740342
5740570
35067
19835246
35072
37381
34878
326219
41552
38978
318050
39480
36316
34019
42092
43490
40739
43234
35528
34022
36725
34224
12798449
31172
33960
31858
3771790
3772696
26067223
42816
42825
45360
7354421
42830
42829
42188
3346222
3346221
3346209
33341
33350
32020
38801
36636
44207
31762
38799
31328
31220
32351
2768992
38794
42180
30522426
38792
31928
32359
32357
33465
31198
12798366
12798426
12798427
12798389
12798571
12797878
12798424
35881
33653
43158
32595
19834764
2769001
37552
37554
37556
37557
37560
37563
37564
37565
36804
32458
42256
42257
42258
42259
36384
42264
42265
39433
318012
40069
32212
32211
40072
32205
32208
40071
40074
40075
32213
26067318
37750
37755
37751
38611
30522410
41939
50109
37342
30522405
43604
246485
41929
41931
41937
41935
31451
26067429
35200
59214
37846
5740263
5740140
12798535
5740708
5740829
41957
39133
33471
34487
44390
33952
43060
43626
318970
41377
26067120
36222
43690
10178914
26067052
39919
42657
39399
38545
39454
31746
48445
37892
42918
36896
39994
39995
5740323
36592
42638
42715
39986
39987
39992
39993
39990
39991
33678
34129
34127
34126
34125
34652
34122
34121
44889
31181
40293
40291
32080
40345
34309
26067147
40282
40281
40290
40289
40288
318956
40201
26067145
39667
39663
39662
26067141
40963
40975
45041
36250
40340
318833
326246
40287
47137
40285
26067142
12798188
12798187
12798186
33935
2768998
2769005
2769006
36963
44098
48582
42556
42552
42551
42545
40961
36333
36335
36336
32701
36339
36340
38324
34928
34975
40429
40456
38718
19835576
34803
31259
36449
31253
31254
31260
31256
31258
31255
31257
38748
38744
38745
38749
38750
34954
32677
38755
41645
42649
39686
3354977
35884
34633
31869
32822
43068
43836
32152
318082
3772244
3346150
42596
44936
41704
48448
40793
33354
19835901
43586
12798034
43789
49713
42956
3354971
40933
36585
34628
32384
43065
38203
43064
36956
326158
45343
48311
36394
43428
37723
35325
40128
3772658
33793
40781
31854
36107
31851
31853
31845
31846
31843
31844
36105
326124
43146
19835430
7354434
43018
43538
43533
246663
43531
43532
43529
43530
37167
37166
37168
37170
37173
37172
37175
37174
40943
40471
40716
32797
34879
40715
40711
32790
32510
32511
32515
40469
32800
32200
39070
41311
40944
42550
31444
31405
36461
38942
31517
31519
31509
32113
31513
42062
33262
26067067
42601
326123
117300
35795
35793
35792
44835
12798215
35798
35797
33644
41788
37862
32067
4379911
4379870
4379908
42402
33916
4379900
4379892
37854
36227
41533
41528
41530
41529
37704
41526
8674033
35826
19836094
10178942
10178814
35480
39228
39131
39129
35490
39726
36645
33526
50102
12798248
35070
318940
45871
39984
34171
32275
43162
40962
36974
38209
2768685
44021
33619
3772551
32021
36975
32019
43244
36877
319033
32562
38147
34380
40976
19834936
32564
41940
317897
40133
32563
7354399
5740254
5740676
5740103
5740774
38102
36012
12798217
12798062
35419
35049
35050
34708
45040
59159
42314
39029
39028
39026
39025
39024
39023
39022
45816
41174
42091
3355151
45815
3772396
14462776
44786
43420
36006
42398
42261
41264
41263
41262
41272
41271
41270
41268
41275
41343
41145
31601
117338
41143
261329
42940
3772280
33117
41137
2768669
37591
117365
40614
36720
14462451
35483
3346238
36717
37702
50178
31544
38330
2768716
43223
32975
32973
318741
36722
37430
42676
39813
19835533
19835480
2768732
19835433
43580
41114
39845
40777
12798166
12798165
12798582
40780
37536
37537
37531
37534
37535
31215
37533
42290
42292
42279
42280
42287
33370
42281
42286
317916
32282
32281
326199
317911
10178801
40105
3772102
32272
44096
40096
40097
40087
40088
14462649
40091
40099
32267
40124
37374
37375
37372
37373
50126
37371
50123
40122
32263
40204
41872
37523
53501
40732
39671
318146
5740781
5740675
5740246
5740754
326203
2768944
47251
40131
36615
35368
39530
40665
34449
36087
32073
33366
318677
32070
39457
3346192
31158
44793
40786
47763
42037
45821
318147
5740840
5740179
43293
5740879
43362
35738
5740655
43282
5740565
43289
34143
34142
31207
34144
34147
34146
34148
34152
41286
3772298
19835663
43415
19836120
19835438
36740
2768908
246595
35584
41295
33823
34471
34470
34472
34467
34466
36810
34468
35084
246416
246487
246412
44355
246414
37696
246413
36371
41179
36050
36052
36053
36054
36056
36058
36061
33601
34788
39349
40252
3772181
3885668
3772719
3885642
3885572
42519
42520
42523
38953
42526
38560
38561
38954
38955
46068
44108
36356
36353
36360
36358
36361
36362
35774
44269
40724
26067424
31209
37804
39377
37996
37997
40995
37988
37989
37993
37994
37990
40727
36539
38826
38818
38819
38820
318210
192535
318207
37516
31716
40396
44160
31580
37782
34106
37895
37079
44155
14462462
8674029
246505
37598
326222
37008
36984
43928
318624
14462825
246444
14462848
14462840
37791
41062
41256
39529
44132
37081
37947
3771911
31394
34107
36273
34779
42778
42775
42776
42773
42774
42772
42770
33215
33763
33209
33765
33221
33220
33217
33216
33772
38100
33222
36212
33757
44801
41079
37980
31830
31358
35644
2768728
326119
37621
34665
39958
44297
38786
31957
32233
39443
42099
43497
41623
43016
36338
32446
32447
32439
19834918
32441
32442
37943
38321
19835255
40015
34222
326157
34392
43392
47285
41930
36654
34966
19835632
19834779
19835075
19836121
31539
31540
31538
31541
31542
19836237
38549
42836
39952
42784
38531
40913
42796
14462829
38228
19834890
19835513
34503
39955
35777
36275
35768
35770
35779
35778
4379880
32801
37776
37775
37774
19835762
37772
318066
38815
41007
37783
39954
31460
41502
40534
32291
41512
3772069
39694
39693
35503
39685
35505
39148
39147
39689
39691
36989
36824
34328
53579
26067246
44058
34098
26067239
26067244
26067243
37808
33571
33130
36233
44046
33906
34619
14462681
43900
14462517
40590
14462516
14462473
39730
34614
35378
42126
34908
42745
318953
5740313
39547
34551
43737
5740768
19835448
12797981
43319
39960
41025
36295
45380
32245
32312
33439
3772355
3772235
39044
43318
39051
39050
39056
39055
33196
39429
36563
33163
43130
49241
42879
44326
35583
38634
40778
41297
43132
41299
44359
41289
41292
41300
43374
45906
35410
43126
39172
36174
40221
38315
43775
38311
38313
38310
36178
32127
19835998
26067460
19835139
19836116
8674052
19836003
19835548
10178834
26067454
26067455
26067456
39593
40028
317909
12798455
317908
317907
12797932
39982
32991
32992
37607
41031
32983
37605
32709
32986
37500
32989
37601
33104
43166
42220
42218
42211
42212
36221
42214
34007
33108
32258
40119
40117
40114
40115
40112
40113
31192
37344
33346
36992
39137
50143
37392
37393
3772624
37395
35939
37399
39049
40661
50323
59175
35790
26067388
43179
39979
32373
40063
32225
41033
19835673
19836065
31425
5740409
5740291
43506
43504
43515
43513
43511
41036
44701
26067224
36661
32815
32814
40542
40540
40548
40545
40552
40551
40997
19835278
43869
35188
40831
50074
5740505
31987
37979
2768848
43892
31591
34294
39949
36601
39947
36603
36604
36605
43311
32794
38654
45970
43306
43305
39950
37161
31848
50075
44887
45976
40336
41235
40332
40331
19834883
3355016
14462594
36865
14462581
45959
40459
12798202
36573
35677
12798201
246428
39305
39302
249072
39308
39309
19835647
19836009
19834837
39310
59260
42505
42506
30982
42496
38574
38575
38582
38579
38643
42991
36118
39873
38376
35519
36379
36381
260645
34814
36374
34812
34774
36857
40815
36650
42982
42187
32748
42182
42183
42184
38800
42181
43160
43159
33657
31430
46035
40202
38669
40929
32334
35354
41374
36655
26067278
26067276
26067081
38984
26067282
41455
41450
318059
41445
26067279
41448
41447
34377
32698
43069
34631
10178837
43063
34623
43061
34621
34630
43066
34627
34625
43935
36342
37213
31276
12798539
5740204
4379817
35349
36263
41334
35409
42429
8674056
8674037
8674035
8673998
8674066
19835950
36403
42747
42748
42749
42750
42751
42754
43782
42169
33248
19835357
33250
33241
26067506
33252
33023
32410
32413
32407
32408
32409
41144
47765
43518
32414
37724
53544
7354412
7354429
8674098
35921
33134
33133
33132
33129
33128
33127
34906
31239
43544
37582
42759
43698
26067039
41160
33896
42880
37579
31562
34105
31564
31566
31556
34099
31560
41152
42048
31568
3772603
50466
50467
31807
39594
31798
31799
31797
31804
31805
31801
31803
38083
40766
35749
35748
35745
35744
35741
37810
37809
36996
36995
43831
40763
37801
36988
37803
36986
37806
40762
36991
37807
41490
41265
40761
35001
44173
41481
14462452
34688
41488
34571
36199
32472
32467
40756
32463
32464
36170
39174
36172
43707
36177
39177
36179
38087
42067
45320
39491
31246
31244
31245
53546
35452
35453
43469
35447
32608
37277
34500
37481
35454
35975
47746
35848
41434
39687
35850
40580
35845
34351
34348
34678
34342
41059
43867
41058
40653
34313
40652
43738
2768945
38489
41677
31965
33276
33635
33438
33437
34572
34573
43703
43710
33218
37104
36905
19835798
33500
35555
33442
35933
3772657
36201
37857
34499
37701
34041
37308
33377
41093
40830
34376
41140
43873
38494
44851
33654
35988
41320
41319
41317
32953
32619
41314
41605
19834818
3885603
7354408
43431
3885627
36109
3885570
19835690
59240
59241
59239
26067050
59235
43422
32406
41150
10178921
7354379
36125
38292
38290
38286
26067049
36032
38295
44125
317943
45249
31967
47611
31966
35486
8673994
43238
32950
32342
37113
36413
37109
37108
32576
38595
5740633
37107
37105
36723
32962
37581
36728
33539
36730
32963
37578
33543
33544
32948
32968
33172
37585
42235
34700
31145
31130
31359
31361
31363
31362
42243
40135
40174
40139
317935
40143
40144
40146
43157
38005
36217
36218
38129
31622
50310
318790
3772106
33226
26067410
26067411
26067409
26067414
43793
38891
37587
33583
33507
32058
19835224
19835353
36238
5740461
5740134
5740435
5740859
5740189
34595
32641
14462495
26067166
26067167
46121
26067165
39571
40524
246528
40526
33707
32837
32836
40522
32839
41118
44817
33847
3771877
40527
37073
3772432
36584
34915
36576
36577
38593
36580
36581
36579
35656
44505
43332
40670
34916
40819
40357
40356
40360
41021
26067148
40363
32718
34965
32501
19835818
33890
3355010
32136
19835531
3355011
43357
41913
41853
42536
33755
42920
32908
246386
43356
246383
35995
3771726
246388
19835476
19836240
19835127
19835678
19835907
19835348
19836032
19834930
19835051
35037
38070
34742
31529
36930
32933
38518
42475
31690
42470
38514
37177
42473
38509
42469
39450
34743
40555
39436
36415
36410
36412
44573
39446
37176
317928
36889
35788
37179
43398
38433
34410
34741
38078
40647
14462408
35240
2768995
35234
35232
35231
35238
35237
2768941
2768659
12798527
37181
32990
33000
8674102
33098
42661
35816
14462718
14462767
14462727
36808
14462762
34655
3772506
43044
43043
8674041
43046
43040
43039
43042
31310
37216
49580
42644
43677
43582
33277
33905
31387
4379889
33944
2768974
38332
7354382
7354423
14462385
43078
31550
42720
42721
42718
37182
34182
2768677
41740
34903
31386
33169
33162
38973
33819
33272
33224
41883
326184
40508
34096
40701
38993
39768
37528
39630
43328
44183
38565
37695
37968
35306
35248
36037
39222
38420
36854
34437
37286
36395
43324
35026
43448
31593
31594
37278
37276
31586
318709
31585
31581
37283
42426
42425
42416
40707
40200
40199
31776
31777
31771
40193
40192
31775
31766
40197
40196
40195
35713
35715
35719
35718
35720
34813
12798543
37019
37014
38742
37016
37009
37010
38567
8674022
41120
41121
41117
41119
48341
41116
41113
33317
33391
35375
41122
43832
37744
42471
46015
37449
41282
39906
326130
53446
53581
32229
318655
36532
41227
26067202
26067201
26067200
26067199
26067198
38785
38058
35071
48339
246521
37543
246518
246519
36530
14462721
14462389
34315
40988
34317
34318
34321
34322
34323
34324
42464
34646
34998
40992
19835269
32509
34451
32027
33396
34999
34645
39820
34991
39819
32506
34444
39272
42739
19835729
43680
43681
12798016
34493
45307
44819
34968
43691
43692
32162
35692
37112
39720
35704
246651
33394
42467
36049
246581
43798
34647
326251
32760
37111
37110
41337
41340
41342
41341
41229
41344
41348
42025
32009
41156
41159
19835800
19835694
10178796
10178816
10178950
10178888
10178797
10178832
10178960
32961
14462747
41154
36724
37599
39118
38274
38273
3772080
43666
31082
38264
31078
38674
31079
48903
34251
33541
39855
33542
326128
37542
39725
35682
32967
32597
34091
31648
38876
19835582
33247
12798245
35610
38631
41919
117467
32934
31147
32937
32939
42234
32980
3772569
39841
40871
41361
41362
32516
42656
10178835
38438
317946
317945
4379909
32242
35292
8674079
40313
42242
3772112
39918
32114
32898
43547
318567
10178807
10178917
326146
40137
26067354
26067355
45775
41562
3771968
14462561
32420
32244
318645
40853
33564
31178
36702
36703
33556
33562
33560
33561
32652
37465
32869
14462413
32647
32866
32865
32864
32651
32649
40587
33110
38428
42632
5740168
36216
50092
5740661
5740876
5740612
5740130
5740693
40155
43352
43355
43354
43088
5740101
42295
31644
26067076
37044
26067582
26067583
50286
26067077
43331
50290
37463
40383
40381
36393
40386
40392
40391
117501
35963
35627
246587
37429
31681
38463
34486
32682
37462
38886
14462485
42367
5740197
36156
326110
246398
46066
35083
19835314
317997
32969
44448
50305
3354994
40896
50236
35942
43651
2768719
41727
41731
42447
32770
42443
38880
38534
42439
42440
38887
38539
38540
39465
36437
39463
39466
36447
47457
32455
40733
48986
35694
31129
34604
318175
43814
33229
31571
32768
14462476
41893
31002
19834771
38045
317849
32424
42161
39307
34853
42216
34350
317852
261631
53471
34677
34675
32295
5740360
43104
33836
31335
34679
40863
47384
41641
38844
38840
38842
38849
31618
37781
3772715
42455
32825
36488
41401
38430
45910
42705
34850
44870
42701
42702
42703
42699
42700
33182
33184
33183
33191
33190
35576
38412
14462392
42093
46260
37966
38407
43642
43637
40442
35971
45268
40141
33268
34676
326172
37964
39611
39313
38527
12798153
12797941
12798219
35128
37401
35130
43664
41347
38068
33090
31606
31609
31507
36330
36806
34070
31614
31615
33518
37264
33512
33514
42397
42396
31160
42400
35615
39608
31750
31751
31748
32366
31747
31743
31744
35288
36262
40163
40161
44111
31503
36560
19835879
39326
36552
36551
41952
35254
36562
35726
36941
36938
36937
37767
38287
33397
32626
32844
36853
40020
32843
33895
19835518
32840
35019
50281
19835684
37447
32607
40134
41010
37292
32635
26067179
34231
33986
26067184
37794
33902
33843
32845
32042
36133
37789
42466
39331
34385
33908
40710
43321
37606
14462545
14462403
36658
40677
34528
34296
34289
35285
34300
34297
36586
36719
19834866
19835804
34597
41078
38084
35580
35579
35578
35575
35574
35572
35310
35311
36574
36856
43660
43661
35300
2768911
43655
34517
43648
34516
43973
41607
39909
41643
40673
12798546
32602
12798288
12798470
40583
43333
42888
33643
50110
38490
38488
39974
38485
38487
38486
36244
36243
36234
36232
36241
36237
32924
3885601
38106
3885645
36612
3885660
37102
31494
31490
50446
32999
36184
31498
35865
38697
33353
38693
38692
41483
38694
38688
38691
14462445
36180
38859
42945
40821
33753
31228
37737
38504
40361
42456
3355097
14462757
37532
33034
317955
317954
317953
317952
317956
19835906
14462756
19834825
8674108
34951
38760
31071
26067065
34338
26067376
26067373
36284
26067377
38291
31339
44811
35540
33036
31052
43017
33589
33590
32921
33585
36778
36779
32918
36771
36772
32913
32914
40565
32882
32885
40566
32886
40928
32888
37437
31979
32616
32615
33392
39240
31252
36705
38238
31094
31095
43087
36629
43373
36626
31653
31651
42595
35512
36634
38378
34894
43277
318575
38427
31070
39716
43350
43413
43266
39727
40588
37028
42058
19835169
37517
37518
37519
37520
37524
41687
41688
41690
41288
41280
117345
5740541
5740203
48973
5740699
5740746
5740391
35952
35953
35956
35957
39915
39243
39914
8674026
43484
170882
3772025
43958
50220
34842
39242
50350
34977
41756
41759
41760
41757
41758
41761
12798151
246384
42510
318906
39483
39485
39486
32966
3355089
39496
44391
43169
33338
42972
43020
34757
35020
10178916
318160
31835
31867
326235
31877
34762
318161
38127
19835644
37441
8674065
8674061
8673975
8673973
14462605
14462750
42215
19835210
33573
318875
37444
2768948
19835002
38858
12797926
43168
34823
34826
34787
34886
39857
43092
43091
43083
43085
34696
43090
43089
31311
34793
38081
48772
34790
45922
12798516
246591
43906
7354466
33125
35977
35494
32033
7354472
40305
42682
43466
42680
39569
42679
59223
59225
59224
59218
42684
3771984
2768725
2768831
318102
38845
43743
41743
8674005
41302
10178792
45682
36953
35813
44787
42005
39381
38033
41996
38036
32557
42001
42002
42004
12798531
7354432
39130
31173
10178902
19834793
10178897
38125
10178890
10178862
36934
36933
37236
34079
37225
37229
41030
42474
34087
34086
36936
36935
42380
42381
42374
42377
42376
32385
26067588
42580
40243
3772376
41962
40240
40239
42016
40236
42578
326135
40247
40245
36973
41668
33111
37887
37884
37883
33658
36678
36968
31011
37877
46140
42959
42468
32168
38511
40747
33897
32170
32540
38128
43699
32533
32534
32528
32530
32532
32165
5740167
5740839
250811
42963
34059
43694
31066
31065
31068
37205
43693
31047
31050
42204
34453
318914
318638
36675
40837
43230
40812
41773
40814
43590
34197
38085
35861
37575
31268
31208
42681
31459
14462486
5740318
39333
36673
38020
43195
34274
34269
34270
34271
34272
2768929
326169
34268
41207
41208
41198
41199
32273
41201
41204
19835575
19835124
41046
41349
39789
39788
39790
39793
39795
35116
35324
35330
35331
35112
35113
41350
31379
33425
35122
35123
37337
41109
33388
33427
3355124
33429
43542
48316
41737
32160
42564
35430
41565
3772265
41352
38459
38457
38455
38464
38462
38461
38795
34051
43721
40178
39417
41339
42500
31760
38732
34068
31438
35442
10178957
35090
38898
42323
42320
43720
42253
42318
19834821
41747
34358
42319
42848
41020
44380
31353
42179
38624
38623
39231
43723
40181
38632
3772576
43327
37455
35717
41678
43722
40182
42957
39456
43999
31952
36570
39448
317860
19835082
317858
317862
41511
318000
5740857
42670
43714
12798330
12798405
12798406
32368
33334
42658
42524
14462431
39505
33841
3355111
43716
35919
41438
50442
32320
39202
39675
42101
39962
35239
40428
37757
7354420
7354380
7354371
7354409
39999
7354410
43412
43411
43410
43417
43416
34840
33390
36757
33609
33610
36751
33606
36749
36750
36758
33615
32592
40894
32589
40898
32586
19835830
32000
32594
32593
317824
38811
31027
34997
36253
19834971
31632
31631
5740377
33693
31628
31630
31629
31240
43688
43697
43708
246563
2768912
246561
246560
5740394
5740407
35828
5740596
5740685
3885633
34069
31271
35878
19835081
19835873
43505
44861
34505
32161
12798533
38257
39092
19834895
35986
35987
5740389
35980
35981
5740481
39215
35984
39221
39218
5740572
19836214
19835962
36341
33112
2768858
50198
37364
50196
37039
33487
42026
3355072
40037
50202
37183
41784
41786
39054
41778
41780
43439
34352
39516
39517
39514
39515
39512
39513
39510
39511
39508
39509
3885628
40654
8673989
33423
14462706
319025
50392
318071
19835170
43314
43165
10178779
37443
12797888
31154
12798207
31139
3885608
31150
31149
40333
38929
38931
38932
31406
326234
34717
34716
34715
34714
34721
34720
34719
34718
3772439
34723
34722
38298
3346227
318918
318916
118436
14462625
19835322
39775
326328
35535
19835720
318246
318251
318252
38746
33568
8674111
8674114
41944
35308
32713
34132
33613
39771
31391
2768846
2768666
35529
39763
50050
38240
38241
38242
38243
38246
38247
39772
12798549
12798289
3772290
318097
318098
26067084
44235
36920
261616
19835381
5740761
41975
53542
38056
41979
38063
38060
33834
33019
41982
40443
36538
40438
40873
19836123
19835337
19834882
40872
34018
34017
34016
34015
34014
40439
37204
37135
42361
42360
42359
42357
42355
42354
53523
42352
42351
40222
40220
53522
32324
32325
32321
32322
32323
32316
32317
32318
32319
37141
261663
53516
43463
36363
33687
33684
39445
34226
33685
33680
33679
33682
33681
33522
41570
41574
40737
41575
41578
35365
41579
43292
34149
40024
32708
12798257
42727
45668
42728
7354414
35359
14462390
38229
32143
40858
38227
41443
42032
32435
38968
33516
37853
40503
40501
40497
35653
32038
33937
39001
38998
40949
39000
31787
32041
36506
36504
36503
36509
43184
36514
42723
43188
43192
32141
34244
34245
34240
34241
34249
41221
41222
41219
40957
19835931
317913
39124
43805
43806
33166
33165
40529
43255
38352
35258
35260
35261
35262
33386
35255
35256
35257
38002
40827
47220
35263
31230
40828
39673
37916
39263
246490
37945
246492
37187
39261
32228
41718
41183
40904
40848
41124
39259
31491
41163
34558
19835441
38434
38702
31873
39014
38440
19835428
3355149
19835409
19835770
40876
40325
14462915
37164
43426
117479
38655
38653
38646
38645
38647
38651
43155
33214
32700
32952
32951
36687
5740593
32949
53437
33547
3885656
43744
40308
32111
41820
26067348
33554
33553
35235
39537
39552
34024
36418
35513
26067352
40538
32147
31445
31443
31439
31450
31447
42185
35904
5740141
37792
8674087
8674004
32116
37255
19835194
41525
41425
41420
41416
41419
41417
42576
318109
40940
41958
7354406
7354407
34570
44858
37936
33281
35731
7354437
43437
43440
43438
43433
43432
43435
43443
43441
32121
34876
42462
43943
3772463
2768969
40846
43005
40663
39374
31705
31704
42581
31702
31697
31696
32475
31707
43581
42743
318164
12798063
318562
246575
10178922
50252
35806
246573
35783
40448
32350
19835614
19835061
19835371
39825
44531
32566
32565
40983
3772130
32558
40979
32018
40977
32016
40974
8674096
318572
33881
5740170
36011
5740468
5740704
39284
36009
36010
36000
36004
5740281
35742
36952
53510
50300
33846
53504
53503
53502
38598
53508
53507
53506
261623
318882
45017
318886
41809
41807
41804
12798280
41802
41803
41800
319043
33532
44620
39528
3354922
39531
37549
48581
44921
44920
3354930
36408
36187
36486
14462357
14462359
14462360
14462361
14462446
33174
319052
44540
33158
32751
40723
43275
3772628
3772392
32753
33479
36736
246447
246446
246445
246443
246442
42073
39453
31977
14462353
14462444
14462518
14462355
35138
50417
35142
35140
19835358
34634
35144
42072
30996
30995
30994
31121
31119
36287
36448
12798147
41689
38906
38904
37284
38911
38912
31348
40126
45880
40246
43133
43128
40628
32661
45879
38432
48239
39499
38513
37959
31733
318238
3772186
44010
35886
39376
36060
42421
31732
31221
26067092
38758
3355064
2768914
2768915
2768917
2768931
2768916
2768918
42124
39375
14462565
43358
8674092
8673993
8674100
8674080
37956
32732
31950
31907
31067
36040
8674049
39900
31826
12798102
26067505
42070
31772
32958
37446
42061
42063
38086
42055
42056
31913
41266
44219
37786
38089
36444
39583
44669
43827
8673988
3772557
37873
32965
34029
36871
37178
33385
33443
37184
33441
46662
37185
36882
36881
33374
35618
42334
42336
42335
42707
42337
35620
38293
45250
43717
2768718
32337
32341
41432
39616
32348
32349
35625
44910
45707
31739
33712
43829
33709
40517
33706
36878
33703
33702
40513
14462901
33714
40514
19835793
12797917
36405
40512
19834988
38648
19836113
19835828
34640
41233
41084
31741
36897
33016
32425
34642
318934
33888
40476
37555
41248
40479
44233
40482
40483
37017
39539
33856
31647
33857
42465
31701
37754
33858
34293
41406
26067091
43164
36531
36533
36528
43170
43167
36529
36536
33567
3772247
34045
3771779
41157
41155
261621
41161
41162
3772048
7354465
31055
31218
31297
31219
31295
31056
39735
31179
30980
246599
246600
19835853
37705
37328
42797
37879
34159
12797876
35935
33524
35930
35928
35926
32102
35937
35936
32498
32172
12797935
38414
38413
44437
38411
38410
38409
3771910
38406
38405
36266
36265
39610
40790
37367
33974
35608
36258
39609
36260
36086
19836172
19836107
34624
19835867
32071
35545
3772037
19835747
19835215
39156
40049
3346224
34608
3346223
35282
35280
34607
35279
34598
38355
38354
38357
38360
34863
35564
36542
48338
14462398
14462396
14462393
19834717
34102
33424
38884
19836212
5740497
45577
36420
317885
32630
32169
49816
44005
38088
39107
40343
42981
42973
34759
34760
42976
318657
12798122
12798514
31466
12797927
12797928
12798515
31473
5740185
14462644
42514
40931
14462738
42327
36281
34816
36299
49045
318226
41399
41397
41396
41395
41394
41393
37285
46158
14462484
12798072
31265
31589
42521
35266
32243
35329
40833
41168
43461
43460
39617
7354415
43457
43456
14462507
19835376
14462569
37795
30522414
43228
41543
42133
36390
35053
33659
31684
31683
33863
19835795
19836220
31674
31679
31682
50363
50373
5740790
41721
12798463
45784
39829
41733
38331
48373
31904
32841
45785
39644
19835871
37144
19834760
37590
37136
37137
37138
42575
37140
53541
44052
42128
40950
32037
32040
40953
40956
32046
32050
32049
246520
3885585
39264
39265
39262
36031
39260
36028
36025
36026
39839
39840
31074
36035
19835095
40770
40457
46038
53442
32461
41821
41822
26067346
41824
41825
41826
41829
44039
35998
36621
3772036
32017
3354941
39389
261610
319046
33572
319045
12798541
19835258
2768920
34316
33265
32731
32734
32733
32728
36999
31457
34750
5740195
5740811
5740861
5740154
5740183
32015
318778
34752
43006
38057
34035
35161
35158
35157
35160
35159
37762
34748
32069
5740190
5740172
36196
3772192
3772126
43812
43796
37583
45881
33776
36279
36131
42482
40241
44115
318225
36511
318223
318224
31089
33705
34543
42358
38059
43096
42131
317813
59164
59163
59167
33407
37577
2768686
2768883
2768994
19835904
35387
13084069
31598
41921
31292
3772530
32480
3355096
42306
33369
26067558
19835213
35492
35509
42573
12798114
2768997
42562
42031
42024
42027
12797867
42023
36445
38909
41585
19836184
41719
19834946
36907
3771890
33420
36908
33414
36903
5740770
36911
33421
38107
38888
42560
36286
326206
40265
43514
36694
37419
40263
34919
38526
34817
42437
32151
38101
42436
2768999
43946
33569
10178949
37643
39889
32156
5740108
41870
32157
40043
41202
42424
34494
34496
19834850
43689
5740325
31449
33839
33866
26067256
36679
40453
40449
40450
40458
39966
40866
40868
40860
40862
32537
30973
39337
40869
36434
40530
36433
39335
36470
36467
36466
36465
36682
36463
36462
36459
43240
43241
42300
43243
38363
43233
37052
37051
39212
33725
326150
43245
37041
33734
31865
31866
42488
42066
35577
41187
41184
41185
64877
31860
31861
31862
41175
41176
40672
40671
33040
42929
19835780
19835107
3346167
47253
246614
246650
35549
36909
39423
35277
246467
246652
37146
33137
3772220
39414
39418
37119
39421
39420
37676
37675
37668
41884
41877
41876
41875
41882
33440
38386
38390
42574
38391
33422
36259
39636
39635
19836029
40521
37479
39634
39633
39626
35585
39629
39627
250710
35418
3354890
39862
35667
45556
41839
43761
43756
43758
43755
40639
43454
43771
38835
40030
39572
41366
46187
14462350
14462352
19835164
14462356
42454
3772594
40266
261607
326197
326198
40268
35962
37290
31392
31105
31103
31102
40262
3355120
31393
40261
34739
42994
42995
43000
40168
42999
40152
40127
34745
36731
31385
12797870
36826
35099
39027
43683
39304
34049
39518
35380
326122
34918
37743
41345
14462551
40270
19835872
14462553
38873
42541
36741
42922
37476
41381
40749
41373
41375
3772288
41379
39564
36027
33903
8673976
47781
7354436
7354424
37937
44653
43480
43479
43482
37843
43483
43487
43486
43489
43488
36041
43545
40722
33004
33005
248194
33499
33275
33012
33013
42186
36760
43507
41701
32392
40546
43127
35216
32791
34481
37834
33994
34758
33992
33993
33991
33988
33989
42549
37522
43084
19834803
50022
19835434
3885665
48343
19835675
32094
3885584
32788
40171
37427
53562
3772179
40092
53564
37435
42446
39329
19836134
40623
41591
41593
3885643
41596
41597
41598
41599
41600
31838
40093
31672
40613
19835431
53586
42043
44631
5740207
33999
42029
44748
32603
43384
3355136
36306
39173
34001
39587
39677
34000
5740310
34003
246549
246548
34002
43430
43872
14462694
14462402
14462394
43464
33534
34386
32707
48224
32705
19834863
40451
32710
32656
5740501
39815
5740860
37398
5740297
5740347
39808
5740551
41524
39814
39810
35445
35439
35182
35181
35180
35440
5740674
5740445
38280
32813
32818
5740821
31080
31081
37655
42970
34428
43053
34656
43385
39542
34657
326265
34663
40504
14462752
38890
43055
44315
42876
19835179
19834749
31097
34549
34053
2768722
2768721
59140
59142
246497
2768682
2768690
39096
39097
49638
35207
31991
64880
39091
47216
39093
39094
39095
36095
42752
19836078
39759
30990
30991
8673968
30978
30988
8674032
31005
49701
42588
38133
42585
38136
8674081
38141
42594
42597
31933
31918
31915
33470
35573
8674093
46078
35507
38082
36727
31022
40864
326215
34259
31698
42891
40310
42591
40362
34875
34799
37124
37122
26067550
10178869
10178806
33339
10178925
10178879
32485
26067543
14462440
12797962
12797963
12797964
31167
12797992
12797993
12798437
12798438
31140
31099
12798528
31072
32353
33501
39733
39753
42819
31118
35047
38064
35974
42512
42913
33493
33492
40260
33490
33488
33484
33483
34431
36464
40434
14462416
43824
40430
40431
40433
40424
5740235
5740847
5740408
36887
31166
36886
38216
37687
31250
31190
36481
36485
36487
42711
10178831
43242
43207
33754
33752
33750
33760
33758
33756
43810
35162
40432
33761
43816
31881
36775
41141
318011
31448
34930
31588
31808
35590
43239
34423
33156
3885598
19835696
43028
34541
39811
32285
19835402
19836038
33732
37043
33735
38077
42516
246624
246460
246461
37004
36929
36940
246457
36950
39394
32940
35880
35879
35888
39397
31212
39395
38031
35890
35889
31481
50161
36182
37652
37648
12798232
50157
37644
37647
31856
41859
41857
31857
41854
41855
41846
31859
41849
41847
39596
39651
19835306
19835634
39559
36317
42130
39555
3771946
35654
35362
36321
36319
35664
50005
5740784
43294
50007
44087
326166
38780
318983
318579
37858
50070
33608
42587
39833
41746
42014
38370
35817
31263
5740715
36546
36663
36666
49847
35660
12798454
32936
31014
19835620
47718
31016
31175
31168
40948
31004
39557
42925
42926
19835849
42928
19835615
19835995
42930
31926
44274
38730
38728
38727
38725
38724
38722
38720
38719
38716
32271
42240
35746
37849
44848
44849
31194
44129
37850
42757
38445
40627
318725
140439
318600
40685
41995
39034
33726
33759
31248
33701
43797
2768951
37938
40934
37932
37931
42145
42144
37935
37934
12797893
35922
41472
12798097
34786
42239
7354475
41932
32343
38175
41474
33955
31726
31729
31728
33961
33962
31724
33964
33969
318693
31731
19835177
3772691
12798099
37458
37459
246484
37450
37456
37453
37095
37096
41626
4379919
37092
37093
37094
42917
45280
37100
50263
37546
45655
33269
33263
12798336
38628
53431
50423
43751
46040
53556
50415
53561
34291
53434
45524
31193
42477
42923
318859
46155
26067360
318622
35055
33727
48583
42924
35875
43654
33356
36668
38218
33223
34731
37960
318250
4379878
43774
326250
4379861
43808
35399
319064
44118
32687
326140
41112
41111
44054
42620
32678
41105
32680
32679
32683
32685
32684
19836144
19834941
35078
246397
39895
39896
43633
39894
39886
39888
44703
35208
35211
35210
35213
35212
44002
35218
35421
35420
34992
45875
44008
41032
31518
40667
39441
31120
43924
37295
31811
32850
33033
31165
37287
33225
44783
32569
34925
326258
326257
48782
34927
38389
42852
326255
36167
33073
32222
39164
33406
36159
36160
39207
36163
39210
38384
36290
43864
37949
34952
37946
34504
12798160
44432
38151
38152
38155
38248
37944
38388
35596
38771
35473
32375
37942
42822
32374
42854
38196
37939
38775
32379
33194
40359
42086
42087
31740
40304
42080
42078
42079
42082
42614
42615
42609
42611
42616
36700
19835993
36701
34452
32269
35595
40378
12798372
35710
36042
5740585
8674097
8674101
8674040
34396
32202
19835957
40599
47260
14462683
14462816
39624
38558
32257
34450
37746
59178
35614
35613
31678
19836235
12798550
42874
35686
12798583
40406
42089
43923
45683
36044
37814
32650
38562
40140
42313
40150
32648
8674000
31344
32889
36043
33459
33308
33462
3771966
33466
36849
36852
33467
32256
40787
40411
40791
40792
40794
40404
32122
40797
32124
32315
47942
36039
117414
42428
37785
34333
35414
43951
44324
19835919
41726
31496
41293
36033
3355134
35696
47873
31902
39066
3772579
31909
246593
3885567
33027
31646
42018
34490
36662
41260
318105
37237
41670
37639
37641
37640
37635
43002
37637
37636
43353
10178952
318668
14462798
5740331
5740555
14462505
12797906
3355162
36631
35908
40025
35909
40023
39367
40021
39369
36656
35911
40029
37716
37715
43577
37710
37709
41926
41925
41922
41920
34263
39588
37580
35630
39582
39580
45467
32723
42996
19835080
3355108
12797896
34526
38231
35357
35353
35355
34463
40694
35343
44172
35837
46091
35169
38616
40385
42567
36264
38202
38198
36699
38451
35662
35521
19835280
19835249
19836162
7354403
32444
19836124
45574
31395
19835806
3355094
3355040
42955
34859
42953
42954
42952
34409
42803
34412
34284
38885
37967
32489
31060
319019
31061
5740848
5740636
40942
32926
44011
44250
42071
33982
40351
45928
37386
31617
36171
32994
42020
39179
37987
26067188
43741
38857
38717
10178852
39778
42350
26067190
19835835
39750
39764
42173
3771951
317887
40136
33119
36527
34565
35771
42672
40704
8674055
33938
42269
42525
317894
36588
34896
40410
39235
326189
42489
33922
39198
39944
39206
19836143
37007
318031
43512
5740599
19835819
35322
34822
37076
37475
37477
37072
37482
37471
37064
41649
41650
38812
41536
41646
41647
41648
41639
41642
41644
2768881
32666
2768882
43918
43624
32670
32673
32672
32676
32675
19835072
43811
34097
37922
39084
43560
50253
38810
38448
50259
44642
50438
318842
50437
26067295
26067296
26067297
26067300
39085
44451
64874
3772670
39082
36176
43613
43612
43603
43602
43611
43610
43609
43608
35586
33234
44226
261628
318751
42577
40978
318747
14462723
40626
41090
40630
35215
41082
41081
41086
41083
43424
34519
41446
34524
31401
42946
31083
40170
39868
42998
39863
38385
31388
39872
12798418
12798417
38006
43054
44544
34430
47878
4379905
40607
5740278
40678
31384
64867
31383
39088
49070
42034
34420
38456
33629
39959
43551
40148
33788
318893
33324
34514
326263
41767
40909
36137
36138
36143
36144
36141
36142
36145
31037
37572
3355114
38752
38178
41776
117369
43003
36726
12798213
246625
246515
12798140
2768687
31938
45994
34830
49815
42802
40717
37235
43449
33238
33738
3354918
38589
42637
7354422
42635
42633
42634
32261
42629
42630
31373
32209
32174
14462554
38817
3772646
41730
14462658
38538
19835149
38120
33081
40348
34256
43678
117331
38535
19835383
19836175
19835927
41636
38533
36795
38881
35126
38933
36337
14462523
32240
38883
26067572
26067573
26067568
47208
40065
41351
41353
41354
36997
36073
35286
32139
318153
33253
35297
41022
32247
35295
40059
43676
42858
42859
42860
42861
42864
42865
42867
36436
42869
42870
39462
39756
33290
33289
33292
33291
33286
26067078
33287
40057
33294
39203
39419
36446
41785
43268
37617
34831
43260
43261
43259
43264
43265
43263
40679
19834931
42341
40055
31793
19834964
19835563
41026
12798317
12798481
12798242
32119
3355107
40687
40998
39688
19835037
19835063
19836158
41019
19835857
19835167
36024
37739
37238
37742
42302
42298
42296
42294
42293
35536
40842
33245
5740836
35842
35840
39353
3772535
35835
35834
39346
37697
3772419
3772580
36438
50082
37313
37319
37317
37316
41905
34374
41897
41900
41901
41250
43041
41244
41246
41249
31927
41242
41949
41953
12798189
41951
47998
35197
33953
32400
50048
35154
32398
50044
43543
318958
318957
318955
10178851
10178962
10178841
37152
10178866
40254
19835514
38605
32799
117332
34651
40257
19835588
19835282
19834761
19836034
36429
49895
34383
49893
34381
34387
34388
34384
19835057
34389
34390
19836139
19835681
19835765
19835290
3772540
42568
117339
40668
46391
35932
32014
36013
43154
31009
34371
31883
42853
35824
38721
45328
318583
32820
47894
44529
37586
33176
35560
59177
64875
59261
39031
35173
260693
36978
36708
19835742
19834877
34419
19835000
19835501
39690
35516
40973
42213
44750
34063
32674
31791
38029
43982
33495
37982
42106
42105
37977
42100
38736
40728
44072
37602
37983
35617
38685
32981
19836258
33917
33882
33911
33907
33909
33874
42736
31093
10178853
35821
26067116
31806
317835
35827
41346
12797898
31006
40489
38797
10178932
38610
35623
3355127
3355126
33103
40725
33121
47594
37496
45525
3885655
41672
41673
41671
64872
41661
19835547
41674
19835086
19835750
19835967
19836073
19834746
19835805
19834893
19835214
14462811
42515
26067302
50381
50380
50374
33359
33361
35616
33690
33330
33363
252671
39535
37035
42862
41333
33638
5740544
3772393
32043
246507
43585
43584
43583
33987
43574
43566
43576
43575
40826
42821
34898
246504
40650
41057
41056
41055
41054
40649
41052
19834836
32703
40655
5740282
41060
41873
37981
31953
3772138
41967
44339
39158
32473
39682
31201
34673
42738
59247
41503
38656
41836
246532
38658
318008
246527
14462740
14462567
246525
14462874
42236
43071
34979
34981
39241
38661
41850
33410
42737
45382
31293
47874
53580
30998
32367
318943
34674
2768717
2768715
19835833
19835920
19834980
36121
36122
35379
35612
35370
35369
35372
36894
33835
38200
38201
38193
38194
38195
38197
317974
38190
38192
33943
35767
26067251
31326
40186
36419
39749
35766
39748
14462774
14462464
40422
14462746
38850
38525
42435
40420
31294
35550
318043
42652
42653
34359
42655
33751
32001
42662
32005
31997
326232
34804
40415
40414
3355106
35087
35086
35080
37428
35082
41703
33259
42008
37431
44095
319016
37454
318040
246425
37434
318035
318036
40495
33312
40980
14462375
31948
32024
14462580
39293
53439
50315
37619
10178782
36318
38952
35838
36314
31691
35190
39581
42893
5740420
5740383
42885
42883
42892
5740375
3346225
3346226
2768720
2768875
33358
3346177
3346176
40875
36310
41193
36455
41066
44510
36456
33934
39411
31397
31249
35045
34329
53573
39005
30522419
34544
43844
42697
43842
12798052
12798085
12797900
12797940
26067085
38519
43835
37281
33626
34432
35923
33616
37059
34547
34073
33717
33718
40754
37055
32167
40751
40032
33716
32163
32164
40035
35855
39976
39325
39328
39981
5740271
39330
36671
36670
39985
42007
36665
36664
36669
36667
35920
37340
33072
37336
37339
37332
37334
34075
36819
35559
34761
40946
33271
31949
45908
45339
41085
31954
31958
34012
326160
35683
35681
35685
35684
35678
43952
35687
42501
33240
38930
44360
42841
34636
326133
41592
47249
31718
41576
41835
42927
36794
34701
32892
32893
32896
32897
36048
41894
8674044
8674042
43508
35649
38517
36351
34552
31727
14462843
35007
41365
38491
31903
38436
34183
43011
34185
34186
34187
34188
34196
33602
38471
43010
37631
19835384
33711
40947
38784
36089
34959
34984
34985
34983
43804
43800
35799
318857
19834804
34502
34545
117347
35655
36961
40164
45325
19835633
48552
41411
38104
34119
43904
41461
41460
2768977
36981
2768990
41469
2768983
38597
38596
38588
38587
38586
38599
37992
246545
32274
53585
31351
31350
45269
31347
31349
40675
31343
37950
42125
38756
42127
38763
37957
42199
2768836
36440
33851
33852
33853
33889
33855
33884
33885
12798573
33862
33892
42530
34889
317828
317827
317826
38990
5740719
246620
19835300
42538
33043
33044
33046
33047
33038
33039
246618
33048
33049
35029
117368
35066
3772329
32166
31607
37121
38757
4379851
14462597
12798252
31608
5740629
42948
33795
318603
318604
326149
318867
26067333
32531
32743
34060
318582
36706
40384
35000
34796
43803
37246
43991
41640
246653
43550
43549
43546
43541
31610
43552
41040
41039
44110
32482
40681
32476
41034
32474
41035
41038
41037
35051
34946
45827
34330
19836060
31603
34055
42863
40712
37142
33563
19835778
19834774
42499
50403
26067082
43856
53515
38649
35376
34062
50397
50396
31611
35332
38698
31612
41316
14462524
33736
32081
3772213
33515
33827
40676
38657
36383
33517
43980
318559
53567
33511
39816
39961
33513
5740851
44001
39762
41252
41017
36098
36099
39752
35514
19835664
35520
38995
42445
47218
44879
45961
34792
3772064
47219
38741
38221
38222
38219
38220
38985
38986
38987
38988
38989
38224
38379
32415
43719
32363
32032
19836157
41612
31745
45883
3772082
36057
40176
36770
33577
33576
32923
35179
36766
31148
35002
40173
35063
35059
35057
35062
35060
35597
35056
33570
40169
39643
36761
3771936
19836133
4379885
3885616
49805
37948
37037
3771920
37033
37032
59253
37036
32857
44856
39297
34414
46326
12798146
39127
19835542
40582
35008
39340
37618
38004
3771871
42814
32637
45931
42810
42811
42812
42813
42804
42807
42808
42809
33331
33332
33337
42030
3346202
33270
38668
32371
35970
3355066
40683
33959
35236
36791
4379834
3771807
44205
3355164
34192
42824
38644
19834908
38762
19834937
14462862
19836061
33859
32819
33148
38761
38583
37569
37567
37566
37574
32142
37571
37570
36790
36789
36793
36792
3772305
36788
42246
42245
42244
42252
42251
42250
42254
32145
40774
32241
32144
40064
40767
32246
40060
32248
40062
40061
40056
40053
40775
32148
40002
40001
40004
19835340
39997
39996
40000
39998
5740319
42826
40005
50073
40660
37358
37357
50079
36271
3772140
34996
47082
37363
26067066
39561
26067100
41945
35843
43862
41138
45338
32543
36406
41954
39214
32767
33347
33348
32785
10178955
10178915
41720
41437
35991
10178781
41470
41392
40602
40600
19835352
19835390
19835630
19836178
40611
36158
5740854
246509
246506
41609
37749
5740224
41513
43769
5740757
5740766
5740299
5740252
5740793
42694
34215
326170
3771738
3771965
34211
34212
34521
38116
42289
44543
37149
31331
31329
44018
42693
43839
37377
32133
38000
19835902
39657
39656
39655
39654
39653
39652
39650
39648
39647
34442
34443
34440
43843
43023
34435
34436
43019
34434
35822
32083
318840
31205
36652
31785
3885650
31786
246584
35894
31237
45826
317878
34637
34638
53473
31441
40375
30976
30977
33435
30971
30970
42543
41899
44097
44724
40800
43414
42531
32757
43905
41225
34885
3771960
35896
36324
36327
26067182
34837
34802
34801
34800
318646
318935
34785
34783
34120
44497
44498
36417
44496
64879
33193
33195
31090
31196
31086
44736
31269
31001
38735
38740
39152
30979
38734
38733
40330
41770
36080
33258
33260
33261
33264
33255
33256
59143
33266
33267
3772156
59145
318087
317815
318085
326221
317817
39877
49802
31176
36651
3354995
40327
36298
32996
43312
19835420
34172
19836145
37467
40104
33555
45588
35735
40292
36951
34404
14462824
41708
32636
34080
31773
42274
37800
38580
33825
33826
43388
318701
33831
33832
31842
31841
26067062
26067060
26067061
31833
31834
36017
37970
31839
41845
37842
34302
19835369
39620
36404
41569
43528
43148
37614
32196
39334
43522
43521
326115
33833
35698
33837
33071
45680
32774
32773
32776
32775
32505
32778
32782
32781
40706
32502
32496
3772091
32497
32724
39831
32120
31382
39250
33822
19836254
19835113
31500
31499
19835923
31136
46059
46058
42960
326120
38075
31141
318595
41428
19835354
318597
39368
33314
39270
34242
39253
26067316
41844
38521
53557
33212
35814
42942
37820
44353
37813
37817
37818
41568
36858
19834811
41557
41558
41559
41560
41561
41563
31837
41653
43799
35541
35537
35538
43757
39736
39732
39734
39119
39738
19834968
19836036
39157
36799
32627
46456
36797
39536
38765
32544
14462720
38185
37558
36800
36801
32526
2768730
40897
19836006
41123
43901
34527
19835427
31778
31017
32789
37703
39879
31474
19836035
19835680
326225
19835464
5740833
5740838
19835638
35027
40536
34767
14462388
38134
39011
39012
39017
39015
42593
40560
44785
32268
44000
49804
35773
49808
43523
35110
36855
32100
33210
43349
42338
31123
32438
31100
10178800
32047
36786390
31126
35192
43658
35195
35196
35170
35194
117366
40073
39076
43657
40070
43652
42839
42840
32601
42838
42835
32068
42831
42833
35309
42844
42150
3346188
3346207
3346149
43499
34780
31200
33144
39858
37232
8673958
40095
318053
3355135
14462401
40771
40697
3772221
39497
47283
40700
41694
3772232
3772418
32504
39052
12798148
12798513
12798444
35287
39540
32495
37544
49809
37547
37545
32011
37538
37540
41973
37548
42271
32226
42272
42266
42268
32217
32215
32216
30522408
40084
40083
40081
40080
40079
30522406
12798157
40086
40085
37389
37388
35800
30522404
37379
44149
30522403
37387
39717
30522397
19835899
30522399
35225
37066
30522395
30522396
30522401
30522402
35747
36919
36072
19835460
5740647
5740865
5740222
5740209
37661
41865
326132
35307
47080
8673977
32536
36272
30981
41625
35223
5740131
5740362
33812
5740788
5740700
50320
5740303
39938
39937
39936
37132
39933
39930
34140
34136
31506
34138
34139
34131
31188
34135
41741
40280
31840
40180
39554
40272
40274
43767
40276
40278
40138
42834
38055
40269
40952
45318
45884
31638
38067
12798191
12798192
12798190
31929
12798193
36068
2769008
36075
36071
10178808
40142
37088
36624
43938
2768996
40776
8674045
2768867
12798104
38544
38543
42508
38541
39020
42513
38547
38546
31419
42517
38550
34004
31935
39835
36508
38710
37521
34920
43262
33520
37082
42389
33636
36348
36347
34890
36343
36346
34953
42166
44409
38099
38813
38011
40955
38808
38807
38806
38805
31322
318213
38019
38814
34882
14462595
318700
42849
10178935
40959
35323
32507
3772053
39013
40850
12797965
318096
3355013
3355143
40596
39255
318094
41616
32638
32657
38766
39360
39153
19834780
44791
38251
44006
318841
32613
35914
42572
34314
40461
42788
42787
38553
42780
41294
42783
37811
33807
33808
42793
33803
33804
33805
33798
33800
31812
31810
31809
31818
31817
31815
38254
44483
326156
32771
41073
31912
33652
39145
33051
45830
38689
318020
2768892
38555
39948
40924
37163
37282
37158
37159
37156
37157
40698
41376
37165
32436
40644
32434
2768877
32429
40923
32437
42919
31960
40462
39523
117419
39989
43072
31497
33995
19834727
19835114
19835014
19835546
19835896
19835838
19834969
31526
31525
31528
31527
31522
31520
31524
37679
35319
318616
42554
38696
14462443
40390
33921
35780
35781
35784
35785
35786
35789
38695
37838
37839
37836
37845
318566
37840
37844
4379860
4379886
318872
40912
36965
41538
38905
2768665
41541
41542
41539
41540
47186
39945
31018
39141
39142
34685
39135
39132
36830
39139
34123
3355132
33770
39697
36023
39715
318946
35539
39136
36825
41587
34682
33486
35163
326161
42537
34184
36782
42544
36104
37805
39615
31289
36821
49424
33824
40464
48317
39116
35543
48775
34264
40283
40932
40111
40286
41628
43323
35015
43753
19834745
35005
35004
5740581
43750
43748
43747
34559
4379842
3772119
35944
3771757
32302
37310
40557
19834797
34312
39043
39036
39037
39038
39040
39032
45039
40836
34632
45248
33939
42753
39887
37439
3354888
42493
44855
34819
32920
31551
34176
36378
41253
34177
2768879
41259
41261
36280
36468
37894
41942
49228
43764
37254
33607
42518
39856
38350
3355093
38342
38343
38523
38345
38346
40965
40506
43734
36289
43210
26067450
26067449
19835454
42691
19835248
19836048
19834986
19834808
8673965
43008
31582
12798032
12798443
39969
33002
33178
32993
39970
42209
42208
42207
42206
42203
42201
10178829
44830
32292
32293
38012
32288
40100
40102
41232
31988
39941
42077
14462693
33617
35688
19836135
37403
37408
37412
37411
43058
44261
43105
318591
12798363
44747
44260
40689
318794
12797901
43057
19834720
19835093
19835579
19834916
19835913
19835487
5740449
5740233
5740351
50107
32987
34924
32858
36047
319012
36635
318680
318682
43177
3772633
35931
19835156
31713
8674091
32084
3771948
5740590
5740528
43852
5740349
33062
42820
5740442
5740549
32777
42504
39957
36595
36594
36593
43295
33704
36598
36597
31887
5740775
36223
34160
34158
326177
34155
34157
36283
33968
40823
40822
40825
40824
39818
31357
40296
33496
40295
40301
40302
40299
40300
19834944
45783
35139
39817
37420
35137
36623
31576
37343
31879
34411
32314
37196
39824
38418
43434
34189
246424
32645
246417
246418
36399
246419
246420
10178803
246422
39322
39321
37589
39318
39317
19836216
39314
39316
39315
46032
39444
31700
41941
43186
3885575
44441
3885646
32915
32158
38505
3885647
49260
42476
42608
42478
43190
38573
19835320
19835067
36365
19834834
35609
38173
33739
36372
34488
34489
34479
34480
34477
34478
34484
34485
34483
41965
42197
42196
42195
42194
38781
42192
42191
42189
19835374
36555
318133
43765
41390
44259
41169
14462847
14462912
44238
38022
38021
38982
38028
41991
8674104
39827
33085
42283
41989
34191
44121
14462853
14462876
14462890
14462891
14462903
32631
34367
34426
35552
42986
40259
12798107
246458
246459
30972
35829
7354377
8673962
43841
45757
38199
5740714
36285
34772
42762
42755
41180
42764
39391
117294
33780
33783
3772218
33197
33198
33774
33200
33205
33206
33785
32423
32422
32421
32419
32418
32132
32416
32947
33611
326141
36329
31794
35341
34969
44100
43984
39500
42075
40738
44702
38144
36236
36229
32716
26067143
19835758
40657
42148
34569
33114
318249
48071
40785
10178788
33419
19834809
19835331
34065
31547
34066
35955
50459
50458
34067
31553
31552
42669
33335
41018
42687
35743
33336
42665
19835511
35765
33503
246514
34167
41602
35753
33504
35758
39745
34077
37763
37761
37768
37770
4379844
3772405
41518
41520
39678
3772183
3771756
35885
41521
39168
39169
35499
35501
35498
36051
39679
34947
39676
39160
39882
40034
43283
26067236
32460
3355138
35724
19834894
26067235
38424
37040
41136
36637
37864
48312
34363
14462493
14462487
34354
34356
34355
34360
34357
34362
34361
39669
42695
40156
35591
37707
37126
37012
31341
34577
39670
32395
42178
32919
5740506
43726
43724
34588
43715
34874
318681
39560
3771768
3772055
3771847
3771886
3772266
3771813
39063
39064
39108
39062
36773
39556
36774
43673
39065
32860
2768847
36311
35246
41287
41278
39613
41749
32587
39809
37995
35193
31975
3772574
3885577
31703
3885611
3885644
3885640
3885610
32622
3885597
32621
59246
36357
3354919
252479
43981
38325
38327
38323
38328
38329
34237
36957
34218
326244
36948
39826
32554
40629
40549
26067068
40528
40149
37228
26067462
34413
37638
44126
31098
32008
34967
31816
31096
12798374
12798376
12798375
317898
39972
317900
39980
41728
39864
36714
36713
33521
37593
32978
33528
37597
37596
32977
32970
31660
32972
32971
42222
42230
42232
31137
43712
32826
40123
40130
38584
32262
14462837
40132
43377
14462447
3772716
14462463
40608
39884
35289
43386
50139
38079
19835515
43382
50133
318785
46080
318782
2768714
326148
40567
31657
26067425
42210
26067419
26067418
26067421
317823
26067426
38080
26067037
5740127
5740576
43501
43503
43491
43492
43494
43495
43496
33204
43498
43500
37068
44071
38160
35091
26067163
26067162
26067159
39077
41009
40532
5740279
32805
40535
41011
40537
38001
40539
39078
43183
33208
5740489
5740165
36127
5740622
32090
37699
5740414
32877
36568
36567
43317
36569
36564
43325
36566
36565
43326
26067079
26067080
49505
40323
40324
40326
40321
34433
42000
318244
35759
41296
36195
43067
42453
40746
53540
318825
31802
37890
31380
40118
170878
3771985
36922
246439
318843
32468
39175
19835046
19835652
19835321
19835697
43659
40212
38983
3772464
26067176
42463
38506
2768674
42460
38502
38501
38496
42451
36400
42561
39461
39460
26067175
36392
36391
39459
39458
36398
36397
33967
42129
36966
37561
37562
37559
10178965
36252
3355133
3355069
43213
33461
3355116
38872
5740853
318192
43573
318193
318189
326238
42761
42064
31493
45031
14462906
14462864
38050
40157
40718
14462865
14462866
19835656
36157
43548
31234
326168
32943
8674073
32796
318079
38094
14462709
31031
44254
34560
35284
14462376
31015
43080
43081
33037
43649
43074
34639
43077
43079
31013
31197
31738
34445
43330
32575
49425
14462810
3346206
40620
37038
246493
43766
43781
33845
43787
36473
53443
31012
42734
42733
33237
42735
42730
42729
42732
42731
33231
33227
33228
33235
33236
33232
33233
37778
31420
40708
43442
43644
43597
43596
43599
43598
317917
35068
42177
41309
32290
41147
40544
40709
31558
33140
33141
33142
33135
33136
12798258
12798456
33045
33648
40713
35897
33965
32910
32725
32426
34336
31578
19834867
34278
38479
19836250
35016
3772383
31573
34275
31574
31577
42921
34114
34115
34116
34109
31423
34111
39237
318064
3772046
31422
34117
34118
39910
38863
31765
31764
31763
31761
31759
39917
35737
35730
35732
35733
40541
35727
34170
37005
37006
246399
37797
39765
37793
37000
37002
2768859
37790
41498
41499
41496
39232
41494
41495
41493
41125
41133
41132
41134
251645
36188
43822
36183
39181
39189
318578
53578
53577
39089
35882
26067210
26067208
26067209
38135
39068
26067213
35293
26067217
32115
45374
40719
37600
37622
37473
14462382
3355079
40720
34327
34326
34325
3772621
34339
7354428
41606
36208
34281
3354861
41805
19835539
19835776
41363
41801
33254
42626
246648
246647
41531
3772367
246640
246644
41181
30975
42069
33446
39849
36619
40165
42619
31381
44873
45368
42618
32340
32224
41310
41312
41306
41307
41308
41303
41304
41305
43459
37071
34166
37117
35316
3346235
3885569
43212
19835812
39988
33932
33202
10178820
38301
38302
38303
38304
32028
32729
38300
10178898
32146
32508
41595
42767
26067180
40714
36173
34957
32793
32512
35052
32786
39495
26067183
32787
59158
50096
42896
32191
37382
3771916
35449
32955
32954
36688
33545
33548
36689
36698
36696
3772641
3772349
40745
32541
41170
45064
37385
117477
38532
326205
12798359
30522398
39846
317942
31880
30522400
32964
12798483
32792
261634
50296
26067369
26067367
26067366
50301
26067364
26067363
318912
31235
31340
38062
19835457
19835655
39393
43161
39392
5740470
5740376
5740439
5740217
35966
19835521
32834
32835
40509
40510
40507
32827
32832
32833
40511
32831
32303
2768852
41096
36269
31831
3355123
48632
41885
37368
40444
31521
44128
32547
19835062
36648
36642
36640
36639
43344
43345
43347
43341
46069
44154
43348
43351
26067581
26067580
19835983
40353
40355
40352
40347
40350
37015
40346
40342
249663
40564
38667
31424
19835092
19836100
19835701
26067445
34550
49968
12798334
36147
246393
246389
36064
318221
10178964
19835363
19836238
5740763
19835978
40569
42146
41715
41714
41713
41712
41722
41717
38893
38520
42431
38522
42433
42432
42434
38530
38529
38901
38900
36425
36424
36423
36430
36427
36426
39477
39476
39479
39478
39473
39472
39475
39474
14462496
38966
34032
34732
14462434
14462760
42171
19835683
38700
43334
38830
38829
43156
49762
50395
12798226
36454
7354425
10178847
35229
35230
41532
35219
35220
35221
35222
35226
5740624
35228
2768968
2768987
2768938
2768939
39258
39311
36224
41135
26067040
14462437
31572
43052
34660
43050
43051
43056
39390
34662
31321
31320
31319
31318
31317
31316
53583
10178861
31024
31976
42890
10178795
31863
43481
32644
43062
43700
19835586
318776
53584
40605
42558
39696
14462410
42717
42716
31512
33379
40335
36205
42709
42708
251414
33155
33157
33956
10178929
37859
37856
39821
31721
34644
4379856
37852
31262
37851
43625
37413
4379850
43634
34110
43636
43635
35003
33710
37978
43290
33310
37953
34592
34887
31470
36150
31469
32938
43671
42291
34648
43792
37511
42015
33708
32338
3355102
31597
31596
31602
44251
31600
37299
37296
37297
37294
31604
37293
32617
37289
39934
42414
42413
42410
42409
42044
40189
40190
31735
32912
31737
31736
32378
32377
40179
32382
32381
40187
40188
35709
42979
35707
35708
35705
35706
40693
41151
35711
35712
33498
37020
37021
37026
37029
37025
31872
37031
318910
33645
39338
34699
34137
251610
36820
33646
39681
34843
31069
318653
34465
36251
31064
318649
42068
36985
47906
26067189
39724
36537
26067196
26067197
43235
35671
39722
3772422
36814
33649
39121
14462544
35524
40393
31336
14462407
33641
14462722
10178799
14462724
34112
40271
34311
34310
34304
34303
34306
34753
33213
41023
35035
36776
40275
32131
34844
40403
32299
33651
34540
34539
35299
35298
34532
34530
34536
35296
34538
34537
32545
32872
35728
33239
42832
3772583
40721
38963
42642
37097
35314
326165
35382
10178930
32902
318937
40036
34641
41107
31342
41738
42988
44027
3885590
32803
40755
37099
19834817
3885606
19835108
19836219
19836192
41817
32917
32643
38665
38666
35381
8673957
38283
38282
38659
38660
38277
38278
3771832
41210
19835365
42683
35592
36380
34089
37065
43288
43102
40905
32916
34609
8674012
3772210
31652
42162
47767
43256
42685
41211
42484
38764
38382
38408
38393
41955
38392
26067470
43740
3354925
26067469
26067468
53563
35478
26067381
26067383
26067382
26067385
31919
26067387
19835772
32253
19835580
32063
32846
33621
31914
31923
37139
19835128
5740475
5740586
32932
33578
36769
36768
36767
32925
36764
36763
36762
32930
32639
32642
34548
43663
32859
32852
32629
32854
32632
32633
40576
40577
40578
36077
53565
36030
42490
34495
37355
36616
36613
36620
40859
19836085
39774
45969
12798480
50282
2768954
40349
50274
38516
40369
40371
40373
53433
40377
318860
37905
35756
38897
48337
41851
246579
246580
246582
246583
31613
43607
37410
31533
38262
37515
37514
36495
19835676
37513
41711
41710
41355
41702
41700
41709
41707
41706
19835657
31210
34331
36248
246406
246404
35969
35968
39248
39908
39254
38007
39252
39903
39902
39905
317833
2768955
39897
50251
34654
40908
40907
40906
50246
40902
40901
40899
35199
41745
41739
31650
41744
38868
38870
38869
38864
38866
38865
32988
35847
39504
39502
39501
39498
31658
39507
326175
319028
326174
39123
35253
318166
41550
34982
3772597
42006
38034
14462878
39167
31656
42827
19836181
326173
14462701
14462682
33535
5740769
14462879
36994
42509
19836083
19836028
38542
19835486
42507
39086
19835994
19834756
41997
36993
38037
45247
40389
38503
246627
34292
2768965
43746
4379863
40575
42795
5740514
4379906
34684
37651
34686
38964
34680
34681
34877
33076
246629
39159
43125
38956
35043
35044
33075
38347
37252
42686
42690
35048
42692
31789
34828
42696
5740825
31429
40958
39447
33175
319011
33170
39402
33581
35041
39403
33179
33180
33201
40900
39405
40594
32553
326139
37815
36344
39408
35098
39409
318698
42103
36526
39410
41943
31680
41153
41104
41200
41994
41103
38023
41986
8674030
41984
41992
38027
41990
38024
12798471
33079
10178864
26067579
26067578
36396
37266
33502
37269
37270
37271
37272
37275
33509
33510
37664
42385
42386
42388
42390
42391
42392
42393
42394
37239
32399
32397
40147
32401
32394
32396
40158
40159
33077
36541
36543
36545
36548
36926
43777
36540
37227
36549
36550
19834993
36954
36955
3355109
38153
36582
38288
36958
36960
32525
32524
32523
32522
32521
32520
32517
5740520
5740732
35949
5740384
251690
31046
31045
31169
41290
31042
50365
34883
49080
39916
31044
31043
318907
36590
34320
318908
318909
318911
26067174
34438
26067172
26067173
26067170
37244
26067169
41911
31788
42586
3771905
45840
32448
31962
40177
36442
10178783
37998
31792
34288
34287
34283
34282
38003
33434
33405
41197
41191
41190
41189
41195
41194
39437
41192
3772415
36432
32051
19835393
38816
35417
41177
35570
35571
37248
35567
35568
35569
39438
35563
26067586
35102
35104
35103
35106
35105
35111
35109
5740577
36743
35315
3772007
117353
37318
3772637
35669
19835232
12798225
39573
42592
37929
12798467
40172
42487
35672
35665
26067089
3355155
32878
41274
32599
33118
32596
40941
38477
40556
38473
38470
38472
38467
38468
3355041
36230
19835529
19836150
42589
32605
42806
36962
43026
43462
42897
10178963
19835759
40398
34276
10178885
31483
42590
37881
31480
43713
44637
40989
31487
31109
36967
43978
38681
38679
38684
32880
40153
38683
14462788
14462789
38687
41843
36864
39039
35900
43912
37042
34370
326245
12798199
43725
35526
35189
49168
42282
38841
32026
36653
44513
12798341
34175
12798325
42137
19835958
19834896
43387
192509
192506
192507
192508
2768668
43390
42522
38338
43394
40090
50003
37247
12797925
3346208
31639
45233
43588
12798268
12798068
12797953
33167
12797864
3772665
318996
39904
40354
43736
35422
36674
318095
34447
318093
33592
33591
33594
33593
36742
33595
36744
33597
36747
33600
43594
36278
318890
32598
40938
40558
41273
32609
32610
40553
32873
31990
42492
32611
32612
40562
40563
35485
35796
43650
35764
38026
42285
43795
42898
38499
38344
31649
19836102
43391
43393
19836211
8674119
41840
31641
31642
35321
35135
318558
46085
42449
43640
326112
326111
