40937
40250
41968
34372
19835888
39226
38958
34219
35119
47762
43031
39520
39524
261613
35121
32529
41158
12798184
19835811
19835574
38937
39758
38796
43093
36561
43570
43572
38879
2768834
38258
38256
13084068
34401
43180
3354996
39138
41960
19835005
34095
36921
36913
42363
42370
42371
32330
32328
32326
40231
33655
33656
36927
36976
37866
3772672
41372
19836070
19835105
41205
43718
326127
43735
40491
31706
39386
39791
32279
3772581
35326
3771991
38444
32057
33131
37769
33003
40242
44728
38613
43728
36270
33650
37118
41139
31565
40972
43579
38294
35058
32640
41451
43034
42563
8673992
43400
35938
33460
32568
39102
35305
31623
33854
12798256
35934
246551
35500
39850
41823
2768940
3771736
2768870
37927
36022
41798
39550
39549
39548
36617
37924
37926
3771770
31780
38914
38917
252554
251430
38944
4379884
10178827
41611
40682
42299
42054
37215
42342
42343
2768976
40684
317973
45399
33672
34710
41590
43099
33307
35522
31229
42871
32195
42491
38824
37356
36494
36498
36499
32112
19835307
40795
32123
43236
35611
40593
3772075
38421
38415
33203
19835821
19835330
34620
35268
34610
37069
38640
38637
38635
31101
35801
49077
31874
42983
43216
41436
32107
37469
43427
43429
35385
3772100
37298
3772342
31692
36831
31695
3772087
12798118
42726
41226
32591
40870
40994
32542
36038
39828
32478
32946
10178842
41860
14462577
32763
32766
32769
246452
246454
42498
35127
31213
3771949
3772228
246638
37018
326208
326240
38594
12798510
40026
8674046
8674001
36210
32941
41092
38090
38093
38095
38097
40559
41097
39431
39737
37245
40581
36859
37250
33398
37249
318211
44271
37143
33689
42502
44839
48309
5740527
251711
10178870
37646
40162
40441
41779
40054
41089
40447
43284
44131
41165
3771922
36754
318206
44392
31267
41254
35943
46719
38400
38396
38398
39612
33647
38365
49779
35917
3771981
3772437
3771879
3771838
3771816
3772246
33529
43009
43004
43007
33830
33828
8674077
32851
31084
43450
43444
43446
33015
43927
33018
33024
38244
19835016
31667
38341
34156
32539
45786
36784
32686
31332
53569
41608
41615
40966
40960
47905
48535
40598
32976
32737
32738
32742
32745
40490
35145
35150
35151
31163
3772655
36507
39834
32979
59172
33981
39079
39069
39067
34961
43329
32739
38223
34406
34353
34888
35985
50105
317987
39219
48440
19834718
38916
42900
42899
33403
42906
42905
34618
43227
36457
37062
33719
3771915
3772640
31898
19835292
3355150
246616
35496
31712
39435
42647
39426
39424
40816
41861
41871
38375
318139
35604
19835087
38889
39871
37206
33782
34910
37837
44554
14462875
31171
31026
32875
34872
37011
40232
43472
43473
43471
12797916
42881
35565
31536
33973
33972
33971
33977
33976
33979
8674068
32159
42663
53428
37798
48336
19836007
32881
32581
42842
42175
33445
42172
39746
39757
3772662
4379815
326142
41013
7354404
32715
32726
5740205
5740257
41371
39875
39874
31142
31156
35426
43229
31143
39289
33829
19834824
42438
39075
48785
40993
32075
39195
32077
35864
43278
36154
34307
38159
38157
38156
32259
36034
37962
42622
34529
37780
41627
318016
34781
34892
34839
38161
192528
38615
34153
34154
32125
40400
32294
32762
37345
45848
33742
32459
36809
35679
31781
37075
5740536
41666
40579
37230
35892
35895
37663
37659
41830
41837
41838
41834
42297
36304
36301
45460
35339
35338
33966
34225
32668
34221
43271
35129
3771806
3354988
19835066
44978
42143
37923
42139
42057
33519
42060
19835523
33082
37470
37078
37084
37083
33078
32045
43916
31475
31038
42789
39721
35954
33468
42933
42065
41102
32695
32691
41100
42931
38821
39844
39843
8674109
39854
40935
32518
14462913
33093
34658
43895
45021
32624
37397
36136
36134
35100
34506
33349
40642
39382
34006
36364
41993
42366
33781
318137
38779
19836209
19835829
59216
41080
59215
37209
34013
42028
40217
35787
39842
3772538
41367
48450
31944
40847
42993
41917
33282
37734
31368
37123
35395
39244
35924
35925
35916
35915
37727
37730
37731
31934
31943
35648
33688
36001
32551
34250
318992
318991
53438
19835605
46386
31374
33963
32922
44900
35054
248102
50356
31261
12798575
42165
39907
36587
33925
33865
34993
3771934
326192
326193
40031
32662
32663
32664
32665
38515
37034
12798108
37407
53436
261626
40505
39430
43038
33389
39266
35386
35390
37414
38999
45973
39213
34893
33984
36108
36111
36110
38207
38581
251900
36387
14462430
31266
2768853
34373
12798545
36019
33775
318977
53444
37070
31442
44915
41228
42875
33295
33300
32982
32984
38103
37090
41797
31795
34286
38174
33293
7354471
42309
32176
32072
35849
39364
34794
37706
37708
37305
41895
38738
43517
32104
38798
36288
33025
38146
32903
32907
31104
38492
35264
34180
317996
19835157
38232
36308
43012
45894
2768949
41014
39939
42273
36130
37965
38169
38823
33850
33849
31543
34955
46201
35532
3355125
31669
31890
47730
14462537
42758
318874
43990
40382
42553
40669
40656
41045
41041
41042
35336
34364
35762
36282
40297
41971
33530
40547
38663
39770
44668
40996
41000
35364
38970
38969
38230
38975
33920
41862
43569
31458
37335
37402
35089
42617
40982
38957
41522
41095
45282
326214
39672
37748
36846
31186
39645
31264
19836008
33639
37991
40782
40047
36676
36680
37325
37329
36732
37330
35374
326262
40003
41571
43267
43785
36203
44029
47900
37662
33477
35695
43830
34429
3772012
34421
43029
34425
31010
32471
31367
34970
338395
38601
38603
34964
37787
31365
31366
33279
39306
36460
14462836
40987
43015
47121
43559
43555
43556
43557
33056
32493
32494
40696
41028
41029
40686
32490
32623
32514
39940
53558
42503
44117
31659
38069
53435
34593
39098
39104
42971
34778
36386
59128
318854
318128
41068
40643
38046
19835246
326219
41552
43490
31172
33960
26067223
42816
42825
45360
7354421
42830
42829
33341
38799
31328
32351
30522426
33465
32595
37560
37563
37564
37565
36804
32458
40074
37750
30522410
31451
39133
34487
48445
39987
39990
34126
44098
36335
36336
34975
40429
31259
31253
31254
31260
31255
34954
32677
42649
3354977
34633
31869
32152
41704
48448
42956
40933
32384
36956
326158
37723
40128
3772658
40781
36107
31851
31845
31846
43531
43529
43530
40716
40711
32800
40944
42550
31444
36461
38942
31517
32113
26067067
12798215
4379911
41533
41529
41526
39129
35490
39726
36645
45871
43162
32021
36975
319033
32564
41940
7354399
5740103
36012
42314
39028
39026
39023
41174
42091
41264
41263
41262
41268
3772280
41137
2768669
37591
117365
36717
32973
36722
2768732
19835433
41114
37531
37535
37533
42280
32282
326199
317911
10178801
3772102
32272
40096
40087
40091
32267
37372
41872
37523
40732
39671
40131
34449
36087
32073
31158
40786
34142
34148
2768908
246595
41295
36810
35084
37696
36053
34788
40252
42519
36360
35774
40724
37990
36539
31580
37598
36984
14462840
37791
37947
3771911
31394
34107
38100
31358
43016
36338
38321
34392
36654
38228
39955
35778
37776
37775
37774
37783
3772069
39694
39685
39689
34328
14462516
42126
318953
39547
43737
39044
39051
39056
39429
49241
44326
43132
45906
36174
43775
36178
26067454
40028
32991
41031
33104
43166
42220
42212
40114
40113
33346
37395
39979
32373
40063
32225
43506
41036
40997
43869
2768848
34294
36603
36604
50075
45976
40332
45959
39309
19835647
59260
42991
36379
36374
42982
42187
42182
42183
42184
33657
38669
40929
41374
26067081
38984
41445
41448
34631
34625
5740204
8674056
42748
42749
42750
33241
32408
32409
47765
7354429
35921
33134
33133
42880
41152
42048
31568
31799
31804
31801
35748
35744
37810
36996
37801
36988
37803
41265
35001
44173
36199
32463
32464
36170
39174
36177
36179
32608
37481
35454
35848
35850
40580
34351
43738
43710
33500
33442
37701
40830
43873
19835690
59241
59239
41150
38295
38595
5740633
32962
36728
32963
33172
37585
34700
31359
31361
31363
31362
42243
40139
317935
31622
33226
26067414
38891
37587
33507
34595
46121
32837
32836
32839
36584
36580
36581
40360
40363
33890
19835531
43357
246386
246383
38518
31690
37177
39450
35788
37179
43398
38078
32990
42661
14462718
36808
43046
43040
31387
7354423
14462385
43078
2768677
41740
31386
40508
40701
37528
43328
38565
39222
36854
43448
31594
31586
31585
40707
40199
31776
31777
31775
35713
37016
41122
41282
318655
38058
14462389
40988
34323
34324
34646
32509
34645
34493
45307
34968
43691
43692
35692
36049
326251
32009
41159
10178797
3772080
31079
48903
39725
35682
32597
31648
35610
38631
41919
32934
32937
317946
10178917
41562
318645
31178
33560
33561
32869
32866
33110
38428
42632
43355
43331
37429
31681
37462
14462485
46066
32770
38887
39466
31571
38045
317849
32424
261631
31335
3772715
44870
33182
33184
35576
14462392
40141
34676
326172
37964
39313
12797941
35130
33090
33514
42397
31160
31743
35288
36262
44111
36552
36551
35254
36562
37767
38287
33397
32607
40134
37794
33843
32845
39331
43321
34528
36719
41078
35574
35311
34516
41607
39909
40673
32602
43333
42888
36232
36237
33353
38693
41483
14462445
14462757
37532
33034
317953
26067065
34338
38291
31052
32921
33585
32882
31979
32616
39240
36705
31095
42595
35512
38427
31070
42058
41288
5740203
48973
5740699
35952
39915
8674026
3772025
43958
34842
41756
41757
41758
39483
39485
3355089
44391
34757
31835
318161
8674065
8673973
37444
43168
43083
43085
43466
42680
42679
59218
41743
38033
42004
39130
34079
34087
40243
40240
40239
33111
32168
33897
5740839
42963
31068
40814
34197
38085
31268
31208
31459
34270
34271
34272
41208
35324
35331
33425
35122
37337
33388
41565
3772265
38459
38795
40178
39417
42500
38732
42253
19834821
43327
35717
42957
32368
14462431
39505
35919
32320
39202
33390
33609
33606
40894
32000
32593
31027
31632
31628
31630
31240
5740394
5740407
34069
35878
43505
38257
36341
33112
37039
41778
41780
43439
39514
31139
38931
34721
34720
34722
318251
8674111
39763
36920
19835381
33834
36538
40438
40872
34018
37204
37135
42361
40222
32322
32323
32316
32317
32318
37141
33687
35365
43292
40024
14462390
38229
32143
32435
33937
39001
38998
40949
39000
31787
36514
43192
32141
34245
34241
41222
41219
33166
40529
35255
35256
35263
40828
37187
40904
40848
39259
34558
31873
39014
19835770
40325
37164
43426
38645
36687
32949
40308
32111
33554
31445
31439
31450
31447
37792
32116
41419
44858
43433
43443
43441
34876
42581
31696
50252
32350
19835614
40983
3772130
32558
32016
40974
318572
5740468
35742
33846
41807
41804
12798280
41803
319043
39531
3354930
32753
246445
14462444
30994
38906
38904
38911
31348
43128
3772186
31732
3355064
2768916
39375
43358
32732
31067
31772
32958
42061
42063
42055
42056
38089
36444
8673988
3772557
37873
37178
33441
46662
33712
33709
33714
40514
19835793
40512
19836113
19835828
31741
39539
31647
33857
31701
37754
34293
43170
43167
33567
3772247
41155
41162
39735
37705
35928
35926
32102
12797935
38410
3771910
40790
35608
38360
35564
14462398
14462396
19834717
34102
317885
49816
44005
39107
40343
34759
34760
318657
31473
36281
36299
41397
41395
14462484
12798072
31265
31589
32243
35329
43460
43457
43456
19835376
14462569
37795
43228
36390
31683
19835795
50363
41721
45784
41733
38331
48373
31904
32841
39644
37136
37137
44052
32050
32049
36035
40457
46038
35998
319046
12798541
2768920
34750
32015
34752
43006
35157
35159
32069
45881
318223
42131
317813
59163
2768883
35387
13084069
31598
32480
3355096
19835213
35492
38909
41585
19836184
41719
19834946
36908
33414
38888
326206
40265
43514
32151
42436
2768999
40043
31449
36679
40449
40458
40860
40862
32537
30973
40530
36466
36459
33734
41187
19835107
246652
39420
38390
39627
35418
43755
40030
41366
19835164
3772594
37290
31392
31393
40261
35099
35380
326122
37476
40749
44653
33499
42186
32791
34481
34758
33992
33988
42549
32094
40171
40092
3885643
31838
19835431
5740207
42029
44748
43384
36306
39173
34001
5740310
14462694
34386
39808
35445
35180
35440
32818
31081
44315
19834749
31097
34549
39096
39097
39091
39094
39095
42752
30991
30988
38136
42594
38082
36727
37124
10178869
31140
31072
31118
35047
33493
40260
40433
36887
36886
37687
31881
34930
34423
33156
39811
37043
33735
38077
246461
39394
39397
38031
35890
35889
31481
37648
37644
41857
41849
39559
3771946
35654
36319
35664
50007
44087
326166
318983
318579
41746
31263
49847
47718
31016
40948
31004
39557
42928
38728
38724
38720
38716
42240
35746
44848
140439
318600
40685
39034
2768951
37938
40934
42145
42144
37935
37934
42239
7354475
33964
31731
37450
37453
41626
33269
50423
43751
53561
46155
33356
33223
4379878
4379861
35399
44118
32680
32679
32683
19836144
39886
39888
41032
31518
37295
31811
33033
48782
38389
39164
36160
39210
34504
44432
38155
38248
38388
35596
32375
42822
32374
42854
33194
31740
42079
42616
32269
36042
32257
42874
35686
45683
36044
42313
36043
33467
32315
47942
37785
41293
35696
31902
36662
318105
37635
37636
43353
10178952
40025
40023
39367
40029
43577
39582
19835080
46091
36264
7354403
45574
3355094
42954
44250
40351
32994
37987
43741
19835835
42173
33119
34565
35771
33938
39206
43512
5740599
19835819
35322
37482
37471
41650
38812
41646
41647
2768882
32670
32673
19835072
34097
43560
50259
26067295
64874
43611
43610
43608
33234
318747
40626
41082
41086
41083
41446
34524
42946
31083
40170
39863
31388
34430
40607
5740278
40678
34514
326263
36143
36144
36141
3355114
45994
34830
40717
43449
42637
42633
42634
42630
31373
3772646
38538
19835149
33081
38535
19835383
38533
38881
38883
41351
41354
36997
35297
41022
32247
42861
42869
33294
41785
43268
31793
40998
39688
19835167
36024
37238
42302
42298
35536
35842
34374
43041
41242
41949
47998
35197
10178851
40257
19835282
49895
34381
34388
34384
3772540
36013
37586
35560
39690
40973
42213
42105
44072
33882
33909
42736
31806
41346
40489
38797
40725
45525
41673
41674
14462811
42515
33330
37035
42862
246507
43574
43566
43576
41056
41054
41060
32473
59247
38656
41836
38658
14462874
42236
38661
41850
47874
53580
32367
34674
35379
38201
38192
33943
26067251
31326
31294
42662
40415
41703
33259
37431
246425
37434
318035
40980
14462580
53439
36314
31691
39581
42883
3346177
3346176
41066
33934
12797900
34432
33717
32167
40751
40032
33716
40035
5740271
35920
37339
41085
31954
35683
35685
35684
35678
43952
47249
8674042
35649
14462843
41365
31903
34183
34185
33711
34985
45325
38104
34119
41461
41460
36981
37992
32274
53585
31347
42199
36440
317826
33043
33044
33039
246618
3772329
32166
38757
31608
318604
318867
36706
40384
34796
41040
41035
41038
34946
45827
31603
42863
37142
33563
42499
50403
26067082
34062
32081
3772213
33827
33513
5740851
36099
42445
44879
34792
38987
38989
38379
43719
31745
40176
35179
36766
40173
35059
35057
35060
36761
37948
37036
32857
39297
46326
39340
37618
42812
42813
42804
33331
42030
33959
35236
3771807
19834908
32819
37571
37570
36789
36793
36792
3772305
42244
42254
32241
40064
40062
40061
40002
40001
40004
39998
42826
32767
33348
35991
36158
246506
37749
5740224
5740299
42694
34215
3771965
34521
42289
31331
31329
42693
37377
19835902
39657
39655
39654
39647
34442
34434
318840
31205
31785
3885650
31786
45826
317878
53473
31441
30970
44724
34120
44496
33193
33195
31196
31001
38735
38740
38734
33261
33264
31176
32996
34172
37467
40104
33555
35735
34404
41708
32636
34080
31773
33831
33832
31841
26067060
31833
31834
36017
37970
36404
43521
326115
40706
32502
3772091
39250
31499
19835923
318595
19835354
41844
33212
44353
37817
36858
39119
39157
36797
39536
38765
32526
41123
34527
39879
35027
14462388
32268
44000
33210
31126
35192
35195
35196
35194
32601
42844
40697
35287
32495
49809
41973
32226
42272
32215
40083
40079
37389
35225
35747
41865
36272
35223
39936
39930
34136
34138
41741
31840
39554
42834
38055
40269
40952
31638
38067
10178808
2768996
40776
2768867
31419
42517
34004
36508
37082
42389
42166
44409
38807
38806
38805
38814
40959
35323
32507
318096
38251
42787
41294
37811
33808
42793
31812
31810
31818
32771
41073
40698
117419
31497
35780
35781
35784
35786
37838
37836
37840
4379886
36965
38905
41542
39141
36830
39139
3355132
39697
36023
36825
41587
34682
34184
39615
48775
40111
43750
43748
34559
40557
34312
39037
39040
34632
42753
42493
34177
41259
41261
36280
41942
49228
43764
42518
38345
43734
36289
31582
33002
33178
32993
42209
42208
42201
10178829
31988
42077
37412
44261
44747
40689
19835579
34924
319012
318680
42504
36598
34158
34157
33968
31357
40301
40302
40300
19834944
45783
36623
31879
34411
43434
246424
32645
39321
46032
41941
44441
19835067
36365
34480
34477
34484
41965
42196
19835374
43765
44238
38022
38982
38028
42283
41989
34426
35552
42986
246459
34772
41180
33200
32422
326141
31794
34969
38144
32716
40657
33114
34066
35955
33503
33504
37763
37768
39678
35885
36051
39160
39882
43283
32460
19834894
34360
34357
34362
39669
42695
35591
43726
34588
34874
39560
3771886
39556
36774
43673
36311
41278
32587
39809
35193
3885577
3885644
3885640
3354919
36957
36948
40528
26067462
34413
37638
31098
31096
12798374
12798376
36713
32970
40132
14462463
39884
35289
43386
38079
43382
26067419
26067426
38080
43491
43500
37068
38160
39078
32090
36564
43326
26067079
26067080
49505
40324
40321
42000
35759
41296
42453
37890
36922
39175
2768674
36392
36397
33967
42129
5740853
45031
14462864
40718
14462865
19835656
326168
8674073
318079
38094
43077
43079
31013
31197
33845
53443
33237
33235
33236
33233
40708
43644
317917
41147
40709
31558
33136
12798456
32725
34336
35016
34275
31577
34115
34116
31422
39910
31764
31759
34170
37005
37006
37793
37000
37002
37790
41494
41495
41493
53578
35882
38135
39068
35293
3355079
36208
41805
19835776
41801
33254
42619
41310
41306
41305
34166
19835812
33932
33202
38303
38304
32508
35052
32786
32954
36696
326205
32792
26067367
26067366
26067363
31340
40509
40507
36269
44128
43344
43347
43348
43351
37015
40564
31424
34550
40569
42433
42434
38901
38900
36425
39476
39478
39473
39472
50395
36454
35229
35230
41532
35220
31572
31319
31318
31316
43481
43700
33379
251414
39821
31262
37851
37413
34110
35003
34648
37511
32338
31597
31600
37296
32617
40189
40190
31735
35709
42979
35712
37020
31872
318910
33645
34699
36820
31069
318649
39724
43235
33649
39121
14462407
10178799
34311
34303
34306
33213
40403
33651
34540
35299
35298
32545
3772583
35314
35382
19834817
35381
38283
38659
38277
3771832
36380
34609
38764
53563
35478
31914
32932
33578
36768
32639
34548
32852
40578
53565
37355
40859
39774
45969
38516
40377
35756
38897
246580
246583
36495
19835676
41702
41700
34331
39908
39903
35199
38865
39504
39502
39501
326175
326174
14462682
33535
5740769
19836083
42507
4379906
34684
34680
34877
39159
43125
38956
35043
42690
31789
42696
31429
39403
33180
33201
39408
31680
41994
41990
33502
37664
42388
42390
42391
42392
42393
42394
37239
32396
40158
40159
33077
36548
36549
36550
3355109
38288
32524
32523
32520
5740520
5740732
5740384
41290
34883
31044
31043
36590
37244
31788
34287
41190
41189
41194
39437
35571
39438
35563
26067586
35315
35669
19835232
32878
33118
40556
38472
42806
43462
42590
44637
43978
40153
41843
37042
326245
35526
49168
36653
44513
192506
192507
2768668
37247
45233
3772665
318996
39904
36674
34447
36747
40938
40562
40563
35796
42285
31649
8674119
31641
35321
43640
326111
