5740215
48340
42557
38941
38940
43571
31554
117361
12797873
42781
34134
36917
37875
40485
41214
41213
41212
35247
35251
12798308
44079
318651
35115
38619
14462860
38620
43656
41852
36214
36215
319014
32571
36345
31624
246550
40920
5740243
5740805
50203
41166
12798556
19835458
10178878
37889
43745
37222
40210
40207
33670
41589
31270
40481
36496
19835915
40408
40484
33074
59141
38633
34806
14462519
34836
46027
39125
12797872
40760
39004
39619
32548
246565
326136
32765
19835198
43742
35006
42021
38096
45012
19835317
34042
318108
326211
33559
10178859
43252
43251
43250
43249
43248
43247
43246
19835610
38828
3772110
38404
39861
26067124
42742
41408
43451
36692
37539
41601
30986
3772520
10178956
246601
42950
5740534
34913
42901
36883
33669
43217
43220
3772449
37057
37058
37054
38831
42643
32483
42022
41869
38374
38383
39637
46000
40834
19835911
59217
43476
40267
26067406
33978
40216
38680
37445
41634
41633
41635
12798430
32719
32720
39876
326237
42962
32721
38783
43304
35859
35862
36489
12798144
12797895
33481
36477
40294
19835585
42036
41832
39577
35346
2768671
19834948
34227
34228
19834984
19835980
38711
59144
10178905
37087
41651
19836230
50432
50433
34873
34546
40925
30985
30984
5740644
38182
42645
38682
12798579
37027
47769
36834
38782
41236
40215
40214
40218
37623
37624
37625
5740609
39621
5740234
40007
40011
41907
41238
42866
41573
19836163
35825
30983
41318
40067
37901
42109
37488
37487
39267
41977
40981
41978
50267
318878
43622
43621
19835394
43687
35384
31185
36103
38211
326254
38205
32696
38754
37086
34379
326229
36016
33784
39205
31779
3771856
37309
26067083
32911
2768889
12798429
34629
34805
33904
39178
326185
318046
34963
4379890
318608
43592
246533
31003
43150
43151
43153
40372
42798
3346239
19835153
33628
40041
39973
36686
34061
47901
326163
34938
50358
37595
34204
34203
34206
34205
2768681
41477
38602
14462692
38774
33810
318594
2768678
43561
40690
32488
38576
35830
5740459
33883
34587
39008
3885664
42379
41071
34027
318050
34019
3346222
3346221
43158
42264
40069
41937
39992
39993
42551
36394
31854
31853
19835430
43533
32511
44835
35798
35826
50102
40976
5740774
39022
50178
38330
318741
40777
37537
53501
35368
33366
47763
42037
34152
246416
246412
246414
3772719
3885642
38953
42526
36356
37989
37994
34106
318624
14462848
44132
36273
42775
42776
42774
37943
31541
38549
42796
4379880
41502
40534
36989
26067243
33130
14462681
34908
39960
38634
35410
40221
38310
32127
317909
36221
32258
40115
37392
26067388
43179
40548
40831
43305
3355016
14462581
30982
38574
38575
34774
43160
43159
46035
32334
36655
36342
37213
41334
35409
33250
53544
33129
34906
43544
31564
31805
38083
35745
41481
41488
36172
39177
42067
31246
34348
43703
34499
34041
10178921
37113
37105
33539
43157
38005
36217
36218
32641
33707
34915
38593
34916
246388
38509
36415
36410
34410
35240
35232
35231
43043
8674041
31310
42644
37182
34182
37695
35306
37286
36395
42416
35720
41116
326130
37543
246519
36530
34317
34998
40992
39819
19835729
41337
10178796
14462747
36724
38273
31078
33542
42242
43547
318567
32420
14462413
32651
32649
36216
5740612
37463
40392
35963
246398
39463
14462476
19834771
42161
42216
43642
40442
35726
50281
41010
42466
35285
34300
34297
35580
35579
38486
31494
38697
38688
38691
36180
317955
317956
19834825
38760
32913
32914
43373
31651
40588
41690
5740391
12798151
42510
39496
10178916
38127
19835644
34823
43091
59225
59224
42005
41996
38125
10178862
34086
26067588
40245
36968
38128
31047
318914
35861
34269
41198
41199
48316
32160
38457
42320
42318
42319
39231
38632
43999
31952
43714
12798405
3355111
43716
36757
36751
33615
43688
43708
31271
35986
35981
5740481
50198
50196
50202
39515
39511
34723
318916
5740761
38056
41979
41982
42360
42352
42351
32325
32319
53516
32708
42728
36509
42723
40827
39673
246490
19835441
14462915
38647
32952
32951
33547
43744
35904
34570
43440
3772463
246575
35806
36011
53503
318882
41802
14462446
42073
35140
42072
38432
48239
318238
38758
2768915
42070
37446
44219
36882
42334
42336
42337
32349
44910
33706
41233
33888
40479
40482
40483
42465
43164
38406
38405
36266
3772037
3346223
48338
12798122
12798463
37144
37140
40956
39260
40770
41822
26067346
5740183
35160
42482
59164
33407
26067558
42023
38107
42560
34919
41870
42424
40450
40866
40869
36434
36433
37052
37051
42066
40671
3772220
38386
39636
39635
39634
39633
31105
34745
36731
40270
41373
33903
8673976
43545
32392
35216
33993
37522
43084
3885665
48343
37427
31672
39677
32707
32710
38280
31080
34428
43053
14462752
59140
59142
2768682
2768690
36095
34799
12798438
42913
5740847
31166
35162
246460
246457
37652
43294
318725
41995
12797893
41472
38175
33961
37095
37096
37092
37094
31193
318622
41111
32685
37287
33073
33406
38152
37944
37942
42609
5740585
8674097
8674101
40599
32650
32648
33459
32124
36039
39066
31909
33027
31646
36631
40021
39580
38202
42803
37967
32926
42071
42020
39179
38857
10178852
32676
26067300
43613
43612
43603
43602
40978
43424
42034
39959
318893
12798140
7354422
32174
43678
38933
47208
42867
39462
39756
42341
12798317
19835857
35834
37316
41900
43543
318957
34651
19836034
36429
34390
43154
59177
44750
38029
38685
32981
35821
35827
3885655
32043
40649
14462740
318943
35612
35372
40422
14462746
35087
35082
42008
318040
318036
38952
39005
12798052
37059
37055
39328
39981
42007
33072
35559
34761
42501
34636
326133
38517
34188
2768990
38596
38599
246545
317828
317827
42538
33047
12798252
318603
34060
318582
44001
35520
38219
38220
33576
32923
38668
14462862
33859
37569
36790
42252
42250
40767
40775
39996
5740319
37358
37357
41945
33347
41720
5740757
34211
44018
39652
34637
34638
34802
34801
34800
318646
59143
36651
43388
39620
41569
39334
33071
31136
46059
41558
43757
14462720
31778
31474
326225
39011
39012
49804
35110
42338
42839
32068
3346149
40771
39497
47283
37544
37538
37540
35800
19835899
30981
5740303
39937
34140
31506
34920
36343
36346
34953
38011
318700
38766
44791
44006
42780
33800
37158
40923
19835014
31528
31522
38696
4379860
40283
3771757
31551
34176
43210
19834808
41232
14462693
33617
43105
43057
19835093
36047
36223
40823
39315
42194
41169
14462847
33085
35829
33205
33206
33785
32423
39500
44702
50458
31552
3771756
35498
39676
34363
31341
43715
35246
31703
3885597
32621
326244
37596
14462447
5740165
5740622
36195
53540
40212
38506
39458
10178965
3355069
318189
14462906
34445
42729
42732
42731
12798258
34278
35727
41132
37622
42069
41304
3885569
43212
10178820
10178898
37382
33548
38532
43161
32834
32835
44154
40350
246393
19836238
38522
38530
36430
38830
38829
2768939
43052
43050
43051
34662
43062
42558
42708
37852
43634
43671
33708
3355102
37299
32912
35706
37031
251610
39681
318653
42068
33641
34530
34536
10178930
3885606
32917
41210
40905
8674012
31652
41211
38393
32854
42490
50282
48337
41851
246404
40907
41550
36994
38542
45247
40389
38503
37651
33076
42692
39447
39402
36344
41104
36396
36926
37227
38153
32525
49080
33434
33405
41197
35111
43713
38681
38679
38684
38683
38687
42522
43394
12797953
33167
35422
32609
32611
38499
19836211
