31489
35993
39225
39204
59233
2768832
3354991
32140
44007
42362
32335
37876
40487
40094
39784
35242
36200
14462861
34295
31626
246552
246553
2768679
34725
326270
5740467
42050
42347
40211
41586
31226
36850
39234
38429
42985
36277
33985
38639
41433
36046
32660
35131
19835660
36354
3885667
36522
38403
35628
35629
32588
38284
43136
38154
41983
53513
33402
32740
26067444
31189
45706
40419
33715
19834947
42934
47408
40990
48335
5740465
3771872
49803
59149
26067531
35899
19835567
19835243
34223
37784
33120
40048
37466
38793
41652
19835996
35411
42483
36124
8674039
14462899
44307
14462672
40852
40213
37626
318663
318664
40617
35651
33469
39592
33918
44965
46415
50266
35348
43623
39320
38122
35383
10178936
326264
40922
3772560
34368
39359
37301
32905
37390
42654
35527
33898
26067320
32816
35853
47764
36932
42801
39251
19834892
32150
34669
14462480
40695
41027
32470
35670
39740
39741
5740419
41074
42092
34224
38792
31198
32208
30522405
41929
37846
33952
39986
34121
40289
26067142
36340
31257
37168
32790
39070
117300
35792
32275
37371
40204
36615
34146
34466
36052
39349
33220
31539
31538
19836237
32801
36233
34614
39055
38313
317908
317907
42214
50323
43511
36865
19836009
34630
33127
40766
34313
38292
37581
38129
50310
26067411
33583
5740189
26067148
42536
38514
39436
44573
317928
34741
2768995
35234
37181
33905
2768974
34903
39768
44183
35718
41121
53581
26067198
38785
48339
42739
37112
41340
19835800
19835694
38274
38264
41362
5740168
50092
43354
19835314
317997
43104
38407
35128
31606
32366
14462545
34296
36856
12798546
38488
37737
38378
42682
10178890
36933
42381
250811
34059
19835124
39789
35430
41511
33334
7354420
7354371
34997
39509
38929
14462625
39771
31391
3772290
318097
42355
33684
40503
36506
39124
33386
41183
3885656
36418
37255
7354407
43005
40979
40977
5740704
38598
319052
31119
38912
36871
41432
43829
33016
37017
41161
246600
34159
38413
38355
38884
42128
40953
39265
33265
5740195
36196
33369
42031
246650
37675
41884
39626
43756
40152
36826
39304
43480
43479
36760
43507
3885584
44631
246549
48224
32705
37655
326265
33492
31190
43207
36929
32940
36182
5740715
33726
37093
50263
33727
35213
326258
34927
37946
37939
35710
47873
37710
35521
31060
31061
35215
42998
43054
38456
37572
2768687
49815
14462658
42864
36446
40679
12798242
41019
39346
50082
37317
32398
10178841
35824
318583
32820
33495
42100
10178932
33121
37496
33987
34898
246525
2768717
14462464
38850
35080
37428
3346225
36310
53573
33616
44360
32892
32896
38588
31343
42125
38763
26067333
44110
32474
31612
318559
42807
40774
40053
36271
26067100
19835390
34212
39656
39152
36080
326221
36298
19835420
41845
33833
31141
41560
36799
14462401
3772232
30522399
318094
35914
34314
33807
33804
37159
32434
31960
19834969
33921
34123
35163
31289
40932
4379842
35944
39036
39038
45039
44855
8673965
35688
43058
318591
5740549
32777
36597
19836216
34479
34191
246458
38199
5740714
32421
31553
37761
14462493
36357
38325
38323
38328
34218
40549
33521
37597
42230
40123
326148
26067421
43325
26067175
326238
42730
33231
33135
19836250
31423
35733
43459
50096
19835655
36640
19835092
7354425
35228
2768938
36224
34660
10178795
53584
43635
42409
31737
40393
32299
37097
40036
31342
38278
40906
40902
318166
34681
37815
26067579
39916
318908
318911
40177
32599
42589
34276
36967
39039
32610
43393
