41675
40160
43730
39551
33161
246596
35950
35267
31162
39271
42624
41427
43944
36915
35504
40589
37573
3772109
32722
44433
43809
31309
40399
33083
3354987
36614
19835646
38715
38372
36513
37233
33107
3355130
37893
39387
26067565
35107
36102
43404
38747
31945
39866
33367
49636
318235
35877
38809
35327
40205
41431
43770
35072
36725
39454
44889
40201
42545
43836
3772244
3354971
31405
36974
34708
41143
2768716
14462649
39457
43415
44155
41062
33757
35770
39147
35583
41289
19836065
37979
40459
42754
43518
33132
37579
36986
35845
43793
40527
36579
41883
34096
10178816
326146
42702
36244
36243
36612
31071
33338
45922
41737
32589
32321
35359
35262
47220
53437
19835194
41425
41420
43435
40448
44531
246442
35142
36881
40517
42976
35053
36999
41591
5740445
39759
35974
50070
35660
34992
41260
36699
3355040
34284
37386
44642
49070
41776
35126
35154
38605
36978
31293
36122
40414
41193
43803
43991
41037
53567
39643
44205
39561
32083
41225
31086
3772156
43799
37379
37521
37165
318872
36104
38342
39970
37408
37411
43852
31887
33496
49260
35758
39169
26067236
37040
36773
252479
31816
39864
39459
3355116
32796
14462810
43766
3772046
32115
45374
3346235
42896
32541
2768852
34032
37859
39722
35524
34753
32930
319011
41153
38027
3355041
14462789
35900
40553
