35929
19835716
34713
12797974
31407
43197
34260
48421
19834935
32570
43095
36643
14462346
31989
35259
34891
37218
43098
33458
36554
42444
37461
37304
37155
47399
35124
47272
31075
41404
40967
37261
42958
42904
44446
39428
41867
38322
3772494
33910
48387
4379907
3355145
39956
32567
35680
33219
40303
37203
36300
250735
35344
32752
19835481
37914
5740457
35405
43231
38186
39383
31555
40436
38137
33139
31940
32278
36492
35940
5740822
32207
42481
38206
38109
33304
5740668
26067038
40229
31054
37961
33840
3355139
42221
43591
40666
32126
32088
37360
34734
39766
32462
31290
3772101
14462845
38578
38324
318082
32510
33262
33916
33526
33117
42286
32281
32070
39377
318207
326119
34503
53579
43318
32983
42218
31848
39310
42496
36381
42169
34688
40756
38489
36201
26067049
3772106
44505
41913
39446
36889
35237
33944
38332
38420
31593
31766
33394
326128
38438
36393
3354994
42447
38534
40863
43637
31507
40163
32042
38084
12798288
36241
35540
32885
32886
43087
37517
34790
42380
40236
41207
32273
35112
31353
36750
31629
319025
118436
40439
40220
38227
33516
31443
42462
31705
318164
39284
41809
31977
31121
36287
14462565
31907
41266
19835853
32071
49045
32046
34748
44115
12797867
5740325
39337
36467
326150
41877
31385
41345
37843
248194
41701
40546
33991
33750
36950
31212
42925
31729
35875
43808
326255
32379
41670
42567
32489
39764
42525
2768881
41090
41081
38178
34831
40842
3772419
19834761
43982
252671
3772393
41873
42738
36121
42655
43835
32164
41835
19835633
33049
326149
32743
37037
45931
3355066
36791
34192
43862
5740766
34443
40292
14462824
19836254
19834968
34767
42593
31123
12798104
31322
3355143
39255
31815
2768892
31525
37839
37845
34685
39135
33770
33939
35139
39817
39322
36285
19835758
40785
35743
42665
37864
32622
32972
36398
36966
37561
31493
38050
36157
31031
31763
37797
30975
41303
34957
3772641
249663
19836100
26067040
10178861
37065
42484
32846
40576
41355
50251
31658
31656
42509
38964
41943
41992
32394
31169
34282
35102
36743
19835958
192509
