39233
40228
36014
3771859
33489
3772474
42046
42045
32201
42992
34976
45780
42671
35941
36759
43100
42828
40388
36018
39628
44086
35146
35153
31399
42939
43217
39434
32584
31174
36242
35674
35174
37378
35176
35891
33444
35673
35342
43823
31944
40857
41231
40637
33306
35701
31567
42641
36638
33777
37888
33105
35754
40052
40042
33864
35690
43029
41480
41029
31849
35528
34126
38749
32515
41311
44021
39845
47251
36050
37782
41079
32441
38815
42751
37809
39687
36730
31145
35656
43582
34315
34999
37111
31082
39855
246587
42396
33908
33643
35953
33573
34696
46140
42500
31760
36758
35987
39221
42359
33682
38646
40846
36448
45250
43717
33703
36536
31295
36420
37285
35585
39862
43761
40639
3772288
37834
3772179
246548
42588
35507
31698
42917
41920
44172
32444
34412
39235
42802
42858
41672
41503
34359
3355106
40947
34984
31351
35029
37246
41316
34837
36951
19835923
46058
32047
43652
42831
41694
40085
37387
43938
31809
2768877
39136
38346
33704
39314
41991
39745
40130
50139
53577
40719
34326
34325
41531
40714
32512
40510
31521
36427
31512
36150
246582
39254
36545
251690
318909
