40936
42017
41729
33642
38928
19836112
19835734
19835976
40234
5740826
5740440
37999
36168
35999
39935
50227
41766
39208
39525
319020
37822
43182
19835270
14462753
38936
43616
12797909
34712
34711
39836
3885588
38255
2768833
12798343
32430
41963
12798373
5740147
34397
38130
44007
34088
34092
37985
36916
42364
42368
35022
33806
32327
35989
246530
41537
37480
46008
53543
47895
19835163
5740241
33540
34179
40486
40492
31030
43196
34258
39783
39777
39784
39785
35244
41387
36863
35042
35996
41360
35114
42843
36194
36197
34093
14462735
19835386
19835288
33011
39415
317856
42305
33171
34064
33199
3885599
12798518
34295
41452
41453
41454
41456
41697
36240
7354381
7354376
7354378
42600
43408
32573
31626
246553
5740321
40970
36475
36575
40921
32013
40916
5740143
39294
39440
50208
50209
50205
50206
41790
35243
37918
42136
39541
14462475
40879
40145
19835743
31184
3885637
38913
38922
38921
47065
34727
34729
318824
251270
35635
37311
37886
40185
12798185
19835372
37131
35634
19834997
38943
39860
5740467
45329
37433
31085
34922
38072
42047
31124
37223
37224
34023
37217
42347
42339
42340
43281
43672
38622
44266
34704
38296
43253
34702
33313
32092
36850
31020
326125
318626
35143
318623
40468
48422
40472
40470
32198
32194
43178
39695
19835915
43174
43176
19835271
19835175
41149
40796
40307
44632
46717
36428
32339
31939
12798216
246489
12798319
43359
35851
35147
47396
36375
38422
117464
19836046
19834860
19836125
33373
50316
35265
35270
38639
38638
38636
48805
35184
317867
34474
39739
34811
34469
42990
34808
34824
14462472
38261
12798074
2768841
32035
5740316
33893
7354476
7354433
33894
33059
43425
38895
36334
32087
19835150
12798272
32660
36146
37148
37147
3771786
32034
40984
36186
39276
36045
37941
50190
42817
318720
318722
318721
32764
40741
246456
246448
246449
246451
35132
12798380
5740200
5740504
5740250
19836071
19835188
42527
42528
36239
35009
39977
10178961
43276
19834742
41178
43402
12798088
12798010
35910
19835641
8674072
44127
32694
42583
41279
40167
34048
37197
34047
36860
33431
33399
246670
246669
44272
47757
33695
33696
12798301
12798466
8673970
42369
261617
41959
39493
43383
37089
40437
49090
39484
36522
43257
40861
41172
19834913
19835455
19836177
34021
46017
33604
246606
246605
246608
35946
35948
38403
38404
38402
38397
36255
36249
35622
35624
35626
32582
36235
53425
43772
43780
38364
34847
41491
32746
53550
26067129
38753
26067124
31007
31278
40515
38981
31463
31464
34747
43103
36753
14462548
14462623
38131
41409
41410
8674024
41407
40788
32585
36411
43445
33022
38168
31668
43875
37418
35511
37421
53448
37130
41610
32053
40964
32052
39801
39803
39802
39796
53511
53512
43670
45398
31813
36693
3354965
33402
318734
326138
32747
5740115
5740216
5740417
35156
35152
38871
14462499
50416
33409
117476
59173
39943
59176
39074
31665
39081
43997
43926
39396
34405
38124
42598
31980
318151
39683
33766
33207
8674115
19835032
35979
10178840
39220
40258
40255
37657
19835749
31025
34622
31824
39422
33432
45285
31829
36891
33401
26067253
40423
40419
40416
26067254
46813
36458
43221
37053
41087
31897
19835669
41777
37134
12798401
32606
43587
50169
35602
19834947
39646
50002
49997
37400
33627
38495
40817
36868
19835116
14462872
19835741
317891
31177
19836246
19835472
19834929
31377
42967
45396
12798340
40691
26067187
43474
43475
35561
37912
14462467
35394
50391
31532
33983
19835077
37106
37101
41629
41631
41638
10178892
48335
33931
33957
318865
41927
246539
318744
38454
44279
32711
32329
39041
5740186
5740465
39881
39880
35172
31155
3772365
41359
36421
39071
3771872
318913
326267
34950
32076
3772165
19834788
49297
40264
42122
35118
44013
42625
5740547
42621
246602
39953
32579
39870
31917
41864
38419
34815
34809
34818
34838
38612
3772559
37986
12797919
13084062
35587
48228
36547
36838
33472
33474
32128
32300
40402
32298
32297
19836016
39144
36478
36471
36472
33744
33748
33749
31920
38528
31587
36982
19835328
32099
19835029
19835089
19836234
36924
5740866
42710
41841
42450
36297
45401
19835567
37741
39574
39565
39567
19835243
35347
35337
35335
43274
37594
42969
42968
34402
19834743
19834897
19836122
31408
39439
38711
3885579
14462438
19835612
35546
117460
117462
45587
32039
32007
38249
37198
42135
12798116
40368
326116
37654
32457
33948
33950
33941
39319
37468
34009
42267
38793
41866
19834814
14462702
36780
251984
32849
19835996
41330
35866
34728
36020
43502
32361
318753
35854
39847
35402
35408
35407
36484
12797863
42659
50068
38326
35021
36123
36128
5740236
34897
31621
39385
36368
38181
36366
3885617
40632
3346141
42648
318136
318135
326226
43930
36307
19835698
326109
34010
8674039
8674084
37202
117346
32149
41368
32513
44135
40835
42845
42851
36839
39566
32101
40852
31364
35097
43059
39751
43273
43270
19835262
3772015
37867
35396
39143
36641
19835289
37627
318662
35918
40019
37728
37720
37721
41912
41914
41908
44843
35652
35646
37928
38065
26067135
26067137
38629
33686
19835645
36029
19835382
19835185
49892
19835131
19835659
19835900
19834833
19834759
19836213
45326
38015
33274
32199
41772
37415
3355171
37869
36213
41313
33599
326260
39592
32821
33930
32056
33924
34978
317841
326191
33102
33094
41680
41679
41686
37190
49821
14462710
37116
14462714
50270
42947
35351
318879
50271
5740583
44038
43618
43620
41067
40638
41070
34277
19835426
37973
38371
40374
34791
19835973
44885
19836245
38177
36101
38204
14462478
12798244
14462465
32006
40918
317903
39978
3771992
32154
32089
47173
3772560
34368
39048
318032
50191
5740812
36002
33764
31782
42877
42873
33299
50207
35340
33768
33288
46234
34036
12798494
41791
31714
37302
41896
41887
42799
317924
50055
42284
35252
50061
26067155
318954
32906
32974
34169
4379912
34181
19835497
19835526
34044
35085
326253
43786
42654
14462491
37725
14462528
37726
44522
39002
2768982
2768958
3772330
12798076
3772327
3771811
37733
42689
41269
40999
43135
35527
33900
33899
326186
19835740
36893
35281
42850
14462633
26067327
26067326
14462566
34005
43593
43601
38703
41048
41044
41358
14462435
12798284
42059
246533
37384
37478
32816
36293
36082
36084
19835130
35358
38974
38972
38239
44679
19836084
33919
50024
35761
43152
34564
42160
35088
43316
19835403
44291
34730
39570
43662
42801
42800
42791
3346201
39166
41291
33861
30522413
19835713
40339
40014
34554
40033
32234
40044
39964
39336
37871
37322
36609
34058
35639
38226
42485
39899
326164
261629
40615
2768869
37592
246513
5740462
5740446
5740378
31461
34198
38447
42944
35689
35693
43037
43036
43035
14462715
41479
34775
31352
38772
33814
37551
2768980
33942
43913
44258
39217
19835890
19835856
19835613
3772141
19835787
12798040
318947
318593
41075
43030
326118
43562
33057
42356
43163
32098
14462449
32470
38076
38074
246656
36752
42049
40849
3354921
37832
5740621
32095
37830
40843
32093
40841
19835774
31579
34591
39742
34193
3772323
3772547
37315
37314
5740697
5740419
5740198
41074
5740342
5740570
35067
38978
36316
34022
12798449
31858
33350
36636
44207
31762
38794
42180
31928
32357
12798366
12798427
12798571
33653
19834764
2769001
37556
37557
42256
42257
32212
40072
40071
40075
37755
50109
37342
30522405
246485
41929
41935
26067429
5740140
12798535
5740708
5740829
33471
44390
43060
43626
318970
41377
36222
10178914
42657
39994
36592
42638
39991
33678
34127
34125
34652
34122
40282
26067145
39667
39663
26067141
40963
40975
45041
36250
40340
326246
40287
40285
26067142
12798188
12798187
12798186
33935
2768998
48582
42556
42552
36333
32701
19835576
36449
31256
31258
31257
38744
38745
38750
41645
32822
43068
42596
44936
33354
43586
12798034
36585
43065
38203
43064
45343
36105
326124
43538
246663
37166
37170
37174
40943
40471
34879
40469
42062
117300
35797
32067
4379908
4379900
4379892
37854
8674033
10178814
39228
39131
12798248
39984
34171
40962
32019
317897
5740254
35049
35050
45040
59159
39025
45815
14462776
44786
43420
41272
41271
41275
41343
42940
40614
36720
14462451
3346238
43223
32975
39813
19835480
43580
40780
37534
31215
42281
44096
40097
14462649
50126
32263
40204
318146
5740781
5740675
5740754
36615
39530
318677
44793
5740179
43293
35738
43282
31207
34144
34147
19835663
19835438
36740
34471
34470
34472
34467
246487
44355
246413
41179
36052
36054
3885668
3885572
42523
38560
46068
36358
44269
26067424
31209
37804
37997
40727
38826
38818
38819
38820
192535
8674029
246505
326222
37008
246444
41256
39529
37081
34779
42772
42770
33763
33209
33765
33772
33222
37980
31830
44297
38786
43497
41623
32446
32447
32439
19835255
40015
41930
34966
19834779
19835075
31540
31542
38531
40913
14462829
19834890
19835513
36275
35768
35779
318066
39954
31460
41502
39148
44058
34098
26067244
33571
34619
40590
39730
42745
5740313
19835448
12797981
33439
3772235
36563
41297
44359
41292
38315
38311
19835998
19836116
8674052
26067455
26067456
39593
12797932
32992
32709
32989
33108
40119
31192
37344
39137
37393
37399
50323
59175
35790
41033
19835673
5740409
43504
43515
43511
36661
40542
40540
40552
19835278
31591
39949
43311
32794
38654
43306
39950
44887
40336
14462594
12798202
36573
246428
39305
19836009
19834837
42505
42506
38582
38643
260645
34814
34812
36857
40815
36650
38800
40202
35354
26067276
26067282
41455
41450
26067279
10178837
43063
34623
43061
34621
43066
34627
43935
31276
12798539
35349
42429
8674037
8674035
19835950
36403
43782
26067506
33252
33023
41144
8674098
31239
42759
33896
31562
31556
50466
50467
31798
31797
40766
36995
40763
37806
41490
40761
34571
32472
43707
39491
35447
35975
47746
41434
34342
41059
43867
34313
31965
33438
34572
33218
37104
36905
19835798
35933
38494
44851
41317
41314
41605
19834818
3885603
7354408
43431
3885627
36109
59240
43422
31967
47611
31966
32342
37108
36723
37578
33543
40146
26067410
26067409
19835353
5740134
5740859
5740189
26067166
26067167
26067165
40524
246528
40522
41118
44817
33847
3771877
3772432
36577
43332
40819
40357
40356
41853
33755
43356
3771726
19835127
19835678
19835348
31529
36930
42470
42469
34743
40555
36412
14462408
2768995
35234
2768941
2768659
8674102
33098
3772506
43039
43042
43677
2768974
7354382
42720
42721
42718
33224
35248
36037
34437
37276
31581
42426
40200
40193
35719
34813
12798543
37014
37010
38567
8674022
41117
48341
33391
37744
37449
53446
32229
36532
26067201
26067200
26067198
14462721
34321
34322
42464
34451
32027
33396
39820
34444
43680
43681
35704
246651
246581
43798
34647
37110
41340
41229
41156
19835800
10178888
39118
38674
34251
33541
34091
117467
31147
42234
39841
41361
41362
32516
42656
35292
3772112
39918
40137
26067354
26067355
3771968
14462561
32244
40853
33564
32652
5740661
5740876
5740130
5740693
40155
43354
5740101
31644
37044
50286
50290
40383
40381
40386
38463
34486
32682
38886
5740197
19835314
317997
50305
40896
35942
41727
41731
38880
36437
36447
31129
34604
43814
33229
32768
41893
39307
34350
317852
32295
5740360
43104
38840
38842
32825
41401
38430
42701
42699
42700
33183
46260
45268
39611
38527
12798219
43664
41347
36330
36806
31614
37264
42400
35615
31748
40161
31503
19835879
39326
36937
36853
19835518
35019
19835684
26067179
33986
26067184
37789
40677
34296
36586
19834866
19835804
34597
35578
35575
43661
35300
2768911
34517
43648
43973
41643
38490
38488
39974
38485
36234
32924
3885601
38106
3885645
3885660
37102
31490
50446
32999
36184
38692
42945
33753
42456
317954
317952
19835906
14462756
8674108
34951
26067376
36284
31339
33589
33590
36778
32888
37437
32615
31252
38238
36629
31653
34894
39716
43350
43413
37028
19835169
37519
37524
41687
41688
41280
5740541
5740746
35956
39243
50220
39242
34977
41759
41760
41761
12798151
246384
318906
43020
35020
326235
37441
8674061
14462605
14462750
19835210
318875
38858
12797926
43092
31311
34793
48772
12798516
42684
2768725
2768831
38845
41302
44787
38036
12798531
31173
19834793
36934
37225
37229
42474
36936
36935
42374
42377
42376
42580
3772376
42016
42578
326135
40247
36973
37883
31011
42468
38511
40747
32170
43699
32528
32532
32165
31066
37205
43693
34453
40837
43230
40812
41773
37575
5740318
39333
34274
326169
39789
39795
35116
35123
3355124
33429
42564
41352
38455
38462
34051
41339
34068
31438
10178957
43720
44380
38624
38623
43723
3772576
37455
43722
317862
12798330
12798406
42524
33841
50442
39675
40428
7354420
7354371
7354409
7354410
43412
43411
43410
36749
32592
40898
32586
19834971
5740377
33693
43697
246563
2768912
246561
246560
5740596
3885633
19835081
19835873
34505
12798533
39092
39215
19836214
37364
40037
37183
41784
41786
39512
39513
39510
40654
8673989
19835170
43314
12798207
3885608
40333
38932
31406
326234
34717
34716
34714
3772439
38298
326328
19835720
318252
38746
2768666
50050
38240
38241
38242
39772
12798549
318098
26067084
261616
41975
53542
38063
40443
19834882
34017
34016
42354
53523
53522
261663
43463
34226
33681
33522
41574
41579
34149
12798257
42727
7354414
42032
37853
40503
40501
32038
32041
36503
40957
43805
43255
35257
37945
246492
32228
31491
41163
38434
38702
3355149
19835409
38651
43155
33214
32700
5740593
41820
33553
39537
34024
35513
26067352
40538
32147
42185
5740141
8674087
8674004
37255
40940
7354406
7354437
43437
43438
43432
32121
43005
40663
31697
32475
43581
42743
318562
10178922
246573
32565
32018
40977
8674096
5740170
36009
36010
36000
53510
50300
53504
53507
53506
261623
44620
3354922
37549
48581
44921
44920
36486
14462360
33174
33158
43275
3772628
33479
246447
39453
14462518
35138
50417
30995
45880
40246
40628
32661
45879
39499
38513
44010
35886
42421
2768914
2768917
2768931
8674080
37956
8674049
12798102
26067505
38086
31913
39583
44669
43827
34029
33385
33443
37184
37185
35618
42335
32341
39616
32348
35625
45707
31739
19834988
33016
318934
41248
44233
26067091
36531
34045
3771779
41157
261621
31055
30980
42797
12797876
35935
33524
35930
35936
32498
32172
38414
38409
36265
39609
36260
19836172
19836107
19835747
40049
3346224
35282
35280
34607
35279
34598
38357
34863
36542
14462393
45577
42981
42973
12798514
31466
12798515
14462644
34816
42521
43461
7354415
14462507
30522414
42133
33659
31684
19836220
19834760
37590
42575
42128
32040
40953
246520
39264
39265
36031
36026
31074
32461
41821
41824
41829
3772036
261610
33572
319045
32731
32733
32728
31457
5740154
38057
5740190
5740172
40241
36511
31089
33705
34543
42358
59167
37577
2768686
2768994
41921
35509
33420
36903
5740770
36911
33421
37419
40263
34817
42437
33569
10178949
39889
32156
41202
43689
33839
39966
40868
39335
43243
38363
43245
42488
35577
31860
31862
41175
40672
42929
246614
35549
39423
39414
39421
37676
37675
41884
41876
41882
33440
19836029
39629
250710
45556
43454
38835
46187
14462352
14462356
40266
40268
31102
42994
43000
12797870
39027
39304
34049
39518
37743
38873
42541
42922
41379
39564
7354436
7354424
43483
43487
43486
43489
43488
40722
33004
33005
248194
33275
33013
36760
33994
19834803
50022
19835675
53562
37435
19836134
40623
41596
41600
40093
40613
53586
42043
39587
34003
43430
43872
14462394
32656
5740501
5740860
37398
5740297
35439
42970
39542
326265
34663
40504
43055
19835179
34053
49638
64880
39093
19836078
30978
38133
42585
38141
31933
31918
31915
33470
35573
31022
34259
42891
42591
34875
37122
26067550
10178925
32485
26067543
14462440
31167
31099
39733
39753
42512
33490
33488
33483
36464
5740235
36481
42711
10178831
43207
33754
33752
33756
40432
36775
31808
35590
43028
32285
19835402
42516
37004
246457
32940
35879
39395
50161
12798232
37647
31857
31859
39651
19835634
36317
35362
5740784
33608
42587
38370
35817
36546
36663
36666
12798454
32936
19835620
31168
42926
19835995
42930
31926
38727
38725
38722
32271
44849
31194
42757
38445
33759
12798097
34786
41932
33955
31726
33969
3772691
37458
37459
246484
45280
37100
37546
12798336
53431
46040
34291
53434
45524
318859
35055
48583
42924
36668
34731
37960
319064
326140
44054
42620
41105
19834941
246397
39895
43633
35208
35211
35210
35212
35218
45875
44008
40667
39441
31120
44783
34925
42852
32222
36159
36163
38384
37949
12798160
38152
35473
38775
42615
12798372
34396
19835957
14462683
14462816
38558
34450
35614
35613
31678
19836235
12798550
12798583
40406
43923
40150
33308
33462
3771966
36852
40787
40797
42428
34333
19835919
36033
42018
37237
37641
37640
43002
318668
5740331
5740555
12797906
3355162
35908
35909
39369
37710
37709
41926
41922
34263
39588
45467
38231
35357
35353
35355
34463
35837
38451
19835249
19836162
19835806
42955
34859
42953
42952
5740848
31617
36171
26067188
39778
26067190
3771951
317887
42672
8674055
317894
36588
326189
34822
37477
41536
41648
41639
41642
43624
32675
43811
38810
38448
318842
26067296
39085
35586
44226
261628
42998
39872
12798418
12798417
44544
47878
4379905
38456
33629
33788
33324
41767
40909
38752
117369
12798213
246625
246515
12798140
2768687
31938
33238
3354918
38589
42635
14462554
41730
38120
40348
34256
19836175
36795
26067572
26067573
26067568
32139
318153
33253
35295
40059
42859
42860
33290
33292
33286
39419
37617
43261
43259
43264
43263
19834931
19834964
19835563
12798481
12798242
41019
37739
37742
42294
42293
33245
35840
39353
3772535
35835
37313
37319
41901
41246
41249
31927
12798189
50048
318955
10178962
10178841
10178866
32799
117332
19835588
34383
49893
34389
19836139
117339
40668
46391
35932
34371
45328
318583
32820
64875
39031
36708
19834877
19835000
19835501
37982
42106
42100
38736
40728
37602
35617
33911
33907
33874
10178853
317835
38610
35623
33103
19835547
19835750
19835967
19834746
19834893
19835214
50381
33359
35616
33363
41333
33638
43583
43575
34898
246504
41057
41052
40655
3772138
41967
44339
39682
34673
246532
318008
246527
34979
34981
33410
42737
2768715
19835833
19834980
35370
36894
38200
38193
317974
38190
35767
36419
35766
39748
14462774
38525
42435
40420
318043
42653
32001
35086
44095
37454
33312
35190
5740420
5740375
2768720
2768875
33358
40875
44510
36456
35045
30522419
43844
12798085
12797940
26067085
38519
37281
33626
40754
32163
35855
39976
39985
36665
36664
36669
36667
37340
37336
36819
45908
45339
31958
326160
35687
42841
41576
34701
32892
32893
32897
41894
36351
34552
35007
38436
43011
33602
38471
43010
38784
36089
34983
34502
36961
41411
43904
2768983
38597
38587
37957
33852
33889
33885
12798573
33892
38990
19835300
33038
31607
26067333
41640
43541
43552
41039
41034
32474
34330
19836060
34055
19834774
53515
38698
33736
36383
43980
33511
36098
39752
38995
47218
45961
47219
38741
38221
38988
32415
32363
3772082
33577
35002
33570
3771936
3885616
49805
3771920
59253
34414
12798146
40582
35008
38004
42814
42810
42811
42808
32371
35970
38644
19834937
19836061
38583
37566
32142
36788
42251
40774
40056
40053
40005
50073
50079
3772140
34996
26067100
39214
10178915
10178781
19835352
19835390
19835630
40611
41609
41513
5740252
326170
3771738
37149
32133
38000
39656
43023
34435
34436
35822
35894
40375
32757
3771960
35896
36324
26067182
318935
34785
34783
44736
31269
30979
41770
33260
33256
33267
59145
318085
49802
19835420
19836145
45588
33825
318701
31839
32196
33833
45680
32774
32775
32778
32782
32496
32497
32120
31382
38075
41428
39368
39270
34242
26067316
53557
35814
41568
19834811
41559
41560
41561
41563
41653
35537
35538
39736
39734
39738
36800
36801
40897
37703
19836035
19835464
5740833
19835638
38134
39015
49808
43523
31100
10178800
36786390
43658
40073
43657
40070
42838
42833
35309
33144
40095
318053
3772221
3772418
32504
37547
37545
32011
37540
37548
42266
42268
30522408
30522406
12798157
44149
30522403
39717
30522399
37066
30522402
36919
36072
5740222
37661
326132
35307
8673977
32536
5740788
37132
34131
31188
40180
40272
43767
40278
45884
12798191
12798192
12798190
31929
12798193
36624
38544
38543
42508
39020
42513
38546
31935
38710
43262
36348
36347
38813
38808
34882
14462595
42849
39013
32638
39360
39153
318841
40461
42788
42783
33803
31817
44483
326156
31912
38689
318020
39948
37163
37157
32436
32437
43072
19835896
19834969
31527
31520
31524
42554
14462443
40390
33921
2768665
41541
39132
39715
326161
42537
36782
42544
37805
31289
36821
49424
33824
35543
41628
43323
35005
5740581
43747
3772119
32302
37310
40836
36378
41253
2768879
36468
33607
38343
40506
26067449
19835454
19836048
19834986
12798032
42206
42203
32292
38012
40102
44260
318794
12797901
19834916
5740233
5740351
32858
36635
318682
35931
19835156
3771948
36595
5740775
326177
36283
40825
40824
37420
35137
32314
39824
38418
37589
39317
19836216
43186
3885646
32915
42476
42478
43190
38573
19835320
34489
34485
38781
318133
38021
39827
44121
14462876
40259
30972
7354377
8673962
42755
42764
39391
33783
33197
33198
32418
32416
42075
36236
26067143
34569
34065
31547
50459
246514
34077
37770
3772405
41518
41520
3772183
41521
40034
35724
38424
36637
14462493
34355
34577
39670
5740506
318681
3771768
3772055
3771847
39063
39064
39062
39065
2768847
41287
41749
3772574
3885611
3885610
59246
38329
34237
40549
26067068
40149
37228
317898
317900
41728
33521
37593
32978
42222
42232
31137
43712
32826
3772716
40608
46080
318782
40567
26067421
26067037
43494
43496
43498
35091
26067163
39077
41009
40532
5740279
32805
40537
43183
33208
37699
5740414
36568
36567
36569
36566
36565
40326
43067
40746
40118
170878
3771985
246439
318843
19835046
19835321
19835697
43659
26067176
42463
38506
42460
38496
42451
36400
39460
36252
38872
318192
43573
42064
43548
31234
14462709
44254
35284
14462376
43649
43074
43330
32575
37038
43781
43787
36473
33227
33228
33232
37778
43597
43596
43599
43598
33135
35897
32426
31578
38479
3772383
31573
34114
34109
39237
34117
31765
40541
246399
2768859
41499
41496
39232
41133
41134
251645
36188
36183
39181
39089
26067213
26067217
37600
34339
41606
41363
42626
246648
246647
3772367
246640
246644
33446
45368
41307
41308
35316
39988
38301
32729
32146
41595
42767
26067180
39495
26067183
59158
32191
32955
33545
40745
37385
30522398
39846
30522400
50301
26067364
318912
31235
19835457
39393
39392
5740217
35966
19835521
32832
32833
32831
32303
41096
31831
48632
41885
37368
40444
19835062
36648
46069
26067580
40355
40346
38667
26067445
12798334
36147
246389
318221
19835978
42146
41713
41712
41722
41717
38529
36424
39479
38966
34732
14462760
19835683
43334
12798226
7354425
10178847
35219
35221
35226
41135
43056
39390
53583
31024
42890
19835586
318776
40605
39696
42717
42716
40335
36205
42709
33956
10178929
37856
31721
43636
43290
32938
42291
43792
42015
37297
31604
37293
42410
42044
32381
35707
35708
37026
37025
34137
34843
34465
36251
31064
36985
26067189
36537
26067197
14462544
40271
34310
41023
32131
34844
34532
34537
42832
318937
41738
40755
37099
19836219
19836192
41817
32643
38666
38282
38660
42683
43102
3772210
42162
38408
26067382
31919
26067387
19835580
32063
33621
31923
37139
36767
32925
36764
32642
32629
32632
32633
36077
36030
36616
36613
36620
19836085
12798480
2768954
40349
53433
246579
43607
31533
38262
37514
41711
41710
41709
41707
41706
19835657
31210
36248
35969
39248
317833
39897
40908
50246
40901
40899
41745
41739
31650
38868
38870
38864
38866
39498
39507
3772597
14462878
326173
14462879
19834756
36993
38037
2768965
43746
40575
34686
38347
34828
5740825
40958
33170
33581
40900
40594
35098
39409
41200
41103
38023
41986
41984
12798471
33079
10178864
37266
37275
33510
42386
32399
32397
43777
36540
36955
36960
32521
31046
31042
50365
318907
34438
26067170
26067169
42586
10178783
37998
34288
34283
38003
41192
3772415
32051
37248
35568
35569
35104
35103
35106
35105
5740577
3772007
117353
37318
12798225
39573
37929
42487
35665
3355155
41274
38473
38467
19836150
36962
43026
19835759
34276
10178885
31483
31480
40989
31109
32880
36864
12798199
42282
38841
32026
12798341
12798325
42137
43390
31639
43588
318095
33592
33591
33594
33593
36742
33595
36744
318890
41273
42492
43795
38344
19836102
43391
43393
19836211
35135
318558
46085
42449
