39161
50225
39522
39099
34987
31620
5740592
34416
37464
36554
32754
38017
326153
46156
38399
38362
40249
36491
33778
34956
34784
39455
34881
32838
41833
41831
36571
36373
48571
35400
40616
35061
43379
40813
43554
31746
41788
45821
42520
36824
19835548
31987
36118
31430
35555
40144
38433
32760
37542
33562
43352
47457
34850
36241
40566
43266
42972
43694
31065
35783
33532
41826
44039
318225
43096
42300
37146
41524
35181
43385
42130
44274
33225
33466
32256
36527
44451
32209
38817
47594
39158
40164
31349
31610
43856
40000
40660
47082
44543
34440
43312
31842
43528
34139
36068
33770
35539
44830
36372
117294
42687
39168
40156
39826
31015
43080
40620
31012
31420
39765
50296
38893
39934
37021
38963
44027
43256
37410
41744
35041
41911
36442
14462788
43650
