326155
35427
38630
41656
34441
53560
31214
31217
34974
38395
40680
38369
31111
31666
35149
36964
39744
33975
39883
40370
42571
35488
36431
42964
41848
36990
41891
43709
3354896
40046
39103
41957
32080
43018
41530
2768685
39443
33906
33196
42879
35939
34377
32698
39594
34573
37857
3355011
35715
43832
32455
36560
44811
43017
43906
5740167
2768929
34132
35260
37916
41718
39552
36952
41084
7354465
31056
32630
32169
41543
41839
40168
47781
37937
42446
39329
3355136
38890
40362
34541
39596
31728
45655
44703
37639
37007
38721
3355127
36455
42927
32637
41437
30971
42543
44497
33837
43901
32100
40596
35785
318566
39957
3885647
32132
34167
35501
3355138
34356
32910
39475
42413
47906
36769
38034
41997
26067578
19834896
38338
36278
