39225
5740215
48340
42557
38941
38940
33413
43571
31554
117361
12797873
42781
37875
50224
40485
40487
41214
41213
41212
35247
35251
12798308
44079
318651
35115
38619
14462860
38620
43656
41852
36214
36215
319014
32571
36345
31624
34626
40920
5740243
5740805
50203
41166
12798556
19835458
10178878
37889
43745
37222
40210
40211
40207
317973
33670
41589
31226
40481
36496
40484
33074
59141
38633
34806
14462519
34836
46027
39125
12797872
40760
39619
32548
246565
326136
19835660
19835198
43742
35006
42021
38096
45012
19835317
34042
318108
326211
33559
3885667
10178859
43252
43251
43250
43249
43248
43247
43246
19835610
38828
3772110
38403
39861
42742
41408
43451
36692
37539
41983
41601
53513
30986
3772520
10178956
246601
42950
5740534
34913
42901
36883
33669
43220
3772449
326171
37058
42643
32483
42022
41869
38374
38383
39637
40834
19835911
43476
40267
26067406
40216
38680
37445
41634
41633
41635
42174
12798430
32719
32720
39876
326237
42962
32721
38783
43304
35859
35862
36489
26067531
12798144
12797895
33481
36477
40294
19835585
42036
41832
39577
35346
2768671
19834948
34227
34228
19834984
19835980
59144
10178905
37087
41652
41651
19836230
50432
50433
34873
34546
40925
30985
30984
5740644
38182
38682
32239
12798579
14462899
37027
47769
36834
38782
41236
40213
40215
40214
40218
37623
37624
37625
5740609
39621
5740234
40007
40011
41238
42866
41573
19836163
35825
30983
41318
40067
37901
42109
37488
37487
39267
41977
40981
41978
318878
43622
43621
19835394
38122
35384
36103
326254
38205
32696
38754
37086
34379
326229
36016
33784
39205
31779
3771856
37309
26067083
32911
12798429
46074
34629
34805
33904
39178
326185
318046
34963
4379890
318608
43592
31003
35853
43150
43151
43153
40372
42798
3346239
19835153
33628
40041
39973
36686
34061
47901
50358
37595
34204
34203
34206
34205
2768681
41477
38602
14462692
38774
33810
14462480
318594
2768678
43561
40690
32488
38576
35830
33883
34587
39008
3885664
42379
34027
318050
34019
34224
3346222
3346221
38792
43158
42264
40069
41937
39992
39993
40293
42551
36394
31854
31853
19835430
43533
32511
39070
44835
35798
35826
50102
40976
39022
36006
50178
38330
318741
40777
37537
53501
35368
33366
47763
42037
34152
246416
246412
246414
3885642
38953
42526
36356
37988
37989
37994
34106
318624
44132
36273
42775
42776
42774
37943
31541
38549
42796
4379880
26067243
33130
14462681
39960
38634
35410
40221
38310
32127
317909
36221
32258
37392
26067388
43179
43305
3355016
14462581
30982
38574
38575
34774
43160
43159
46035
32334
36655
36342
37213
41334
35409
33250
53544
33129
34906
43544
31564
31805
38083
35745
41481
41488
36172
39177
42067
31245
34348
43703
34499
34041
10178921
37113
37105
33539
43157
38005
36217
36218
32641
33707
34915
38593
34916
246388
38509
36415
36410
34410
35240
35232
35231
43043
8674041
31310
42644
37182
34182
37286
36395
42416
35720
326130
37543
246519
36530
34317
34998
40992
39819
19835729
41337
10178796
14462747
36724
38273
38264
33542
4379909
42242
43547
318567
32420
14462413
32651
32649
36216
50092
5740612
37463
40392
35963
246398
39465
39463
14462476
19834771
42161
42216
37966
43642
40442
32366
35726
50281
41010
42466
14462545
35285
34300
34297
35580
35579
12798546
38486
31494
38697
38688
38691
36180
317955
19834825
38760
32913
32914
43373
31651
40588
5740391
39496
10178916
38127
19835644
34823
43091
59225
59224
42005
41996
38125
10178890
10178862
34086
26067588
40245
36968
38128
34059
31047
318914
35861
34269
41198
41199
48316
32160
38457
42320
42318
42319
39231
38632
43999
31952
43714
12798405
3355111
43716
36757
36751
33615
43688
43708
31271
35986
35981
5740481
50198
50196
50202
39515
39511
34723
318916
14462625
5740761
38056
41979
41982
42360
42352
42351
32325
32319
53516
32708
42728
36509
42723
33386
40827
246490
19835441
14462915
38647
32952
32951
33547
43744
35904
7354407
34570
43440
246575
35806
36011
53503
318882
41802
14462446
42073
35140
42072
48239
318238
38758
2768915
42070
37446
44219
42334
42336
42337
38293
32349
44910
33706
41233
33888
40479
40482
40483
42465
43164
34159
38406
38405
36266
3346223
48338
12798122
12798463
37140
40956
39260
40770
41822
26067346
5740183
35160
42482
59164
33407
13084069
26067558
42023
38107
42560
34919
41870
34494
40450
40866
40869
36434
36433
36462
37052
37051
40671
3772220
38386
39636
39635
39634
39633
31105
34745
36731
41373
33903
8673976
43545
32392
35216
33993
43084
3885665
48343
37427
31672
39677
32707
32710
38280
32813
31080
34428
43053
14462752
59140
59142
2768682
2768690
36095
34799
12798438
42913
5740847
31166
35162
246460
37652
5740715
31014
318725
41995
12797893
38175
33961
37095
37096
37092
37094
31193
318622
41111
32685
37287
33073
33406
37942
42609
5740585
8674097
8674101
40599
32650
32648
32124
36039
47873
39066
31909
33027
31646
36631
39580
38202
32926
42071
42020
39179
43741
38857
10178852
26067300
43613
43612
43603
43602
40978
42034
39959
318893
7354422
32174
14462658
43678
38933
42867
39462
39756
42341
19835857
35834
37316
41900
43543
318957
34651
19836034
36429
34390
43154
44529
59177
44750
38685
32981
35821
35827
3885655
19835547
32043
40649
14462740
318943
35612
35372
14462746
35087
35080
35082
42008
318040
318036
38952
39005
12798052
37059
37055
39328
39981
42007
33072
35559
34761
42501
34636
326133
34188
2768990
38596
38599
246545
31343
317828
317827
42538
33047
12798252
318603
34060
318582
35000
44001
35520
38219
38220
19836157
33576
32923
38668
14462862
33859
37569
36790
42252
40767
40775
39996
5740319
37358
37357
41945
33347
41720
5740757
34211
44018
39652
34637
34638
34802
34801
34800
318646
59143
36651
43388
39620
41569
39334
33071
31136
46059
43757
14462720
31778
31474
326225
39011
39012
49804
35110
42338
42839
32068
3346149
40771
39497
37544
37538
35800
19835899
30981
5740303
39937
34140
31506
34920
36343
36346
34953
38011
318700
38766
44006
42780
33800
37158
40923
31528
31522
38696
4379860
31551
34176
38523
43210
19834808
41232
14462693
33617
43105
43057
19835093
36223
40823
39315
42194
41169
33085
35829
33205
33206
33785
32423
32421
39500
44702
50458
31552
3771756
35498
39676
31341
43715
35246
31703
3885597
32621
38328
37596
14462447
50133
5740165
5740622
36195
53540
40212
26067175
10178965
318189
14462906
34445
42729
42732
42731
12798258
34278
19836250
31423
35727
37622
42069
3885569
43212
10178820
10178898
37382
33548
38532
26067364
19835655
43161
32834
32835
44154
40350
246393
38522
42432
36430
38830
38829
43156
2768939
43052
43050
34662
43062
42558
42708
37852
43634
43671
33708
3355102
37299
42409
32912
37031
251610
39681
318653
42068
33641
34530
34536
10178930
19834817
3885606
32917
41210
40905
8674012
31652
41211
38393
32854
42490
50282
48337
41851
246404
40907
41550
36994
38542
45247
40389
38503
37651
33076
42692
39447
39402
36344
36396
36926
37227
38153
32525
49080
318908
33434
33405
41197
35111
43713
36967
38681
38679
38684
38683
14462789
38687
42522
43394
12797953
35422
32609
32611
38499
