37201
41072
35427
43070
38630
41656
43423
37874
53560
41441
34974
38369
35155
35149
36964
42935
39744
33975
39035
39883
36382
35488
31899
37063
34395
42964
41848
33285
40046
36683
37331
39103
40793
33644
40133
35483
33906
35519
34377
32698
39594
40653
34573
35715
43832
36156
36133
43017
318102
2768929
318000
32594
34715
35260
39552
32751
42124
39610
33974
32630
32169
36621
47781
3355136
40362
44703
35420
40140
39944
40055
38721
43842
43804
40676
32637
44497
33837
43901
37839
318566
48317
3885647
32132
35501
3355138
38338
36278
