34394
42364
39294
34427
44228
34613
31007
34754
44059
44150
38208
36851
39964
50405
43447
39480
33471
40282
31256
43532
35793
37430
37996
44046
32410
31560
36991
35453
33654
35988
32953
41021
41120
34070
42215
39381
10178902
34352
41800
31950
31739
5740185
31005
31588
36321
37931
35055
3771966
37580
42996
34526
40694
39088
34420
37235
19836175
50048
33835
5740383
34329
33736
40060
39214
35537
43349
42838
42508
42572
31817
31700
10178788
37995
34967
33528
43503
38983
31761
39338
36762
4379863
33179
26067174
41177
43594
