39339
19834874
43033
44790
41775
34736
36076
19835718
19835332
19836055
33230
19834909
38935
34921
34945
34706
45739
39760
41988
3885587
3772292
38252
318104
19835848
19836199
38306
34094
36912
5740513
38142
40226
40235
41203
326126
42325
36352
34262
41215
41771
39388
43826
39780
39779
35241
246501
246496
38453
36193
39151
37267
37861
39406
12798517
43731
40198
41458
33351
38091
7354430
7354405
32572
318563
43539
43535
12798479
318243
5740176
33565
317926
32002
39301
33455
39545
39543
14462345
41217
35291
45234
31896
3885607
38920
38919
36202
40248
326329
37576
37603
41662
38945
31251
4379869
19835824
50250
41182
39268
39111
26067515
42051
5740472
42345
44672
33579
14462585
33676
37129
34145
41583
41423
39527
39533
5740740
42110
39134
31021
38452
19835883
19835100
41148
30522417
32130
38726
42452
38484
50149
246596
246488
37047
38423
35950
19835837
34616
36606
36875
19835736
41426
34319
43421
19835485
31687
32036
32552
39269
39271
31767
50188
2768670
26067063
35832
2768981
34594
14462354
36818
31211
41964
2768688
41961
31152
14462504
2768910
246562
43974
19834786
5740294
2769007
37200
246671
318037
34030
43298
36718
39033
33694
33700
12798537
19834885
5740733
326159
318856
35404
35073
26067587
42249
36525
3355084
39257
41164
38559
41167
41171
34235
34829
36914
12798079
35621
43779
38590
19835193
31855
43014
31456
32428
39122
44660
14462448
43453
33026
19835207
31663
37422
37125
36829
44317
43215
43193
14462570
14462668
318737
40488
5740356
318901
39109
19835375
35504
2768865
19834996
34912
26067072
26067556
38121
34280
34408
31970
19835712
33771
40256
50302
40273
19835727
19835103
318930
31224
36895
26067252
40421
44446
3772344
33418
33473
50170
41863
35599
39641
32688
50001
42117
38337
40224
31170
32871
41880
26067399
43630
39684
43300
14462557
14462556
30522409
38259
31537
30522407
34037
33914
33928
19835416
4379867
38708
12798523
39878
43825
40129
47869
35031
36583
49165
4379854
36862
5740672
40612
42628
59150
39869
38677
12797968
12797967
12797966
33475
33476
43291
40401
32138
33743
2768661
31922
31921
38047
36589
39404
35898
35901
35902
34553
36303
250736
38493
41247
40233
43669
318227
34220
38846
117496
34398
19834789
19835646
19834782
38713
36848
38751
42134
37920
37921
19836190
33947
33946
33951
19835905
32183
30522393
41657
19834763
19834920
19835543
32221
40664
26067287
26067289
35424
33692
34568
36005
36513
42303
326144
42936
36059
5740210
43493
43682
36497
37191
33721
36129
36126
3772382
38184
38183
38180
12798331
3772196
40017
35013
42646
19835596
36544
36746
34038
36840
326154
36521
41910
40314
42889
43269
37823
43279
3346162
31486
41239
19835649
39769
37633
40016
41298
40008
26067203
42547
39598
35647
26067130
26067134
38214
33901
19835820
33343
3355130
7354470
34557
41842
26067087
32780
37891
36632
33923
317842
39885
37485
41676
32654
42348
43614
39320
40640
26067451
26067453
31227
40610
38013
19835283
42226
34582
318948
38212
38176
39387
14462450
42668
32097
33192
35168
19835789
19835227
35841
31000
40412
326216
14462892
14462893
26067565
26067566
26067564
31236
40832
38788
38769
3355160
12798520
12797902
41789
12798044
42310
32177
40758
35846
37306
37307
326227
41888
41890
48971
40225
317923
26067150
36102
318950
32909
34165
43783
32625
32928
38367
33842
33838
33844
260659
39180
39188
33028
37451
42159
35531
14462596
318599
26067324
42763
44263
32561
41047
41357
35757
31625
40009
40543
36292
36081
36079
19835639
38971
35077
4379891
3885654
19835418
14462842
2768680
43308
39951
42790
33372
33367
326152
3346160
31107
33007
12798408
39965
318235
318228
40619
40621
36945
33552
5740816
38469
35691
34422
43820
34052
31955
41473
8674074
34980
31355
44275
39238
42118
42115
42116
37940
26067452
33284
33283
12798477
34738
19834985
14462761
3885573
26067059
26067058
35959
43558
43563
53472
31023
37825
37824
41549
36681
41281
39106
44643
39352
38994
36385
32352
5740107
34878
40739
43234
3772696
3346209
38801
31220
12798389
12797878
12798424
35881
42258
42259
42265
32205
38611
5740263
26067120
26067052
39919
38545
37892
42918
36896
5740323
42715
34129
31181
40345
26067147
40288
318833
47137
2769005
2769006
40961
34803
38755
35884
3346150
19835901
49713
34628
43428
33793
7354434
37167
37173
37172
32797
40715
31509
31513
326123
37862
42402
41528
37704
35480
318940
36877
34380
19834936
5740676
38102
12798062
35419
45816
41145
31601
117338
37702
19835533
12798165
42290
42292
42287
40105
40088
40099
40124
37374
37375
40122
5740246
326203
40665
3346192
318147
5740840
5740879
43362
5740655
5740565
34143
41286
19836120
34468
36371
36056
33601
38954
44108
36353
40995
37993
31716
40396
37895
14462462
42778
42773
33221
33217
33216
44801
37621
34665
31957
32233
42099
19834918
326157
43392
47285
19835632
42836
39952
42784
35777
19835762
37772
41007
32291
41512
35505
26067246
26067239
37808
14462517
14462473
41025
36295
45380
32245
32312
3772355
39050
33163
40778
41299
43126
26067460
10178834
12798455
32986
37500
34007
40117
36992
3772624
39049
31425
5740291
26067224
32815
40551
50074
5740505
37979
43892
36601
39947
37161
41235
40331
40459
39308
38579
39873
32748
26067278
318059
4379817
36263
8674066
42754
33248
19835357
32413
32414
37724
33128
37582
34105
34099
3772603
31803
35741
43831
14462452
32467
38087
45320
31244
35452
43469
37277
34678
40652
2768945
41677
33276
33635
3772657
41093
32619
59235
32406
36125
38286
36032
317943
35486
43238
36413
32576
37107
42235
40135
40143
318790
32058
19835224
5740461
5740435
14462495
39571
40526
32718
19835818
32136
42920
19835476
19836032
38070
34742
42475
42473
37176
35238
12798527
33000
14462767
14462727
49580
33277
4379889
31550
33169
33162
38973
33819
326184
39630
37968
43324
35026
37278
37283
40192
40197
40196
40195
38742
41119
42471
46015
26067202
26067199
35071
246521
246518
34318
19835269
34991
32506
39272
12798016
32162
42467
41348
10178816
10178950
10178797
10178832
10178960
41154
37599
43666
19835582
33247
12798245
3772569
8674079
40313
32114
32898
10178807
36703
33556
37465
32647
32864
43088
42295
26067076
26067582
26067583
117501
326110
35083
44448
50236
2768719
42443
38539
38540
40733
34853
53471
38844
42455
36488
42703
33191
33268
38068
31750
31751
31747
36938
40020
37447
34231
34385
14462403
36574
43660
43655
40583
38487
36243
31498
38694
38504
40361
3355097
31071
26067373
26067377
32918
36771
36772
31094
36634
318575
39727
37518
117345
35957
43484
50350
33338
318160
2768948
19835002
34826
34787
34886
39857
43090
43089
246591
33125
35977
35494
32033
40305
39569
35813
42001
10178902
10178897
37236
32385
41962
37884
33658
32533
31050
42204
43590
42681
14462486
36673
43195
34268
39793
31379
41109
33427
38464
43721
35442
35090
42323
41747
34358
40181
41678
39448
317860
19835082
317858
41438
39962
35239
39999
43417
34840
32589
317824
5740685
32161
35980
35984
5740572
19835962
39054
39508
3885628
14462706
10178779
12797888
34718
3346227
35535
318246
33568
41944
33613
2768846
35529
38246
38247
12798289
38060
33019
19836123
19835337
34015
34014
42357
32324
36363
33685
33679
41575
41578
45668
35359
36504
43184
43188
34244
34240
19835931
317913
43806
33165
38352
35261
38002
39263
38440
19835428
40876
117479
38653
26067348
19835194
41525
41416
42576
41958
2768969
12798063
40448
19835061
19835371
39825
53502
36187
14462357
14462359
44540
36736
246446
246443
246442
14462353
14462355
35144
30996
12798147
37284
40126
43133
31733
36060
8674092
39900
31826
37786
42707
35620
2768718
33702
40513
14462901
36405
34640
34642
40476
37555
36533
36529
31218
31219
19835853
37328
37879
38411
37367
36258
19835867
39156
19836212
42514
40931
14462738
40833
39617
31674
5740790
19835871
37138
53541
32037
3885585
36028
19835095
41825
39389
19835258
32734
5740861
35161
35158
43812
43796
37583
36131
318224
19835904
3772530
42306
42573
12798114
2768997
42562
42024
12797867
36445
36907
3771890
36694
38101
43946
37643
32157
34496
19834850
33866
26067256
40453
36470
43240
37041
31865
31866
41184
64877
31861
33040
19835780
3346167
35277
33137
39418
37119
37668
42574
37479
14462350
261607
326198
35962
34739
34918
14462551
19835872
14462553
36741
41381
41375
43482
33012
43127
33989
19835434
41598
33999
14462402
43464
33534
5740551
39814
35182
5740674
5740445
5740821
34657
2768722
31991
47216
30990
8673968
8674032
8674081
42597
40310
33339
10178879
12797962
12797963
12797964
12798437
12798528
32353
38064
33484
14462416
43824
40424
5740408
38216
31250
36485
33760
3885598
19836038
33732
35888
41846
19835306
50005
38780
39833
35660
38730
44129
33701
43797
33962
318693
19835177
37456
33263
50415
42477
42923
26067360
38218
318250
326250
32687
39896
39894
43924
326257
36167
39207
34952
38771
38196
40359
42086
42080
42082
42614
36700
19835993
34452
35595
8674040
37746
59178
42089
37814
38562
31344
36849
40791
40792
40794
35414
44324
41726
3772579
3885567
41260
14462505
36656
35911
37716
37715
35630
32723
12797896
35343
35662
19836124
31395
38885
319019
42350
40136
40704
42269
42489
39198
19836143
37064
41649
41644
43918
32672
39084
50437
318751
42577
31401
39868
38006
43551
36137
36145
36726
42629
117331
19835927
36337
14462523
32240
35286
43676
42865
36436
33289
33291
26067078
40057
43260
19836158
5740836
36438
41905
41250
41953
33953
32400
50044
318958
37152
40254
19835514
19835057
19835681
19835765
19835290
31883
47894
260693
34419
34063
32674
31791
37983
31093
26067116
41671
41661
19835086
19835805
26067302
50374
33361
33690
5740544
43584
40826
42821
19834836
32703
5740282
43071
39241
45382
31293
30998
19835920
38194
38195
35550
42652
33751
31997
326232
34804
319016
14462375
31948
39293
10178782
36318
35838
42893
5740383
42892
39411
31397
31249
34544
34547
34073
39325
39330
36671
37332
37334
34075
40946
31949
33240
38930
31718
8674044
31727
19835384
34959
43800
35799
318857
19834804
34545
117347
35655
48552
2768977
41469
38586
40675
37950
33851
33884
42530
34889
5740719
246620
33046
33048
117368
35066
14462597
5740629
42948
33795
32531
246653
43546
40681
41037
19835778
35376
50397
50396
31611
35332
38657
33517
53567
41252
41017
35514
19835664
3772064
38985
36770
35063
35597
4379885
37033
37032
44856
39127
19835542
3771871
33337
3346202
33270
4379834
3355164
38761
37567
42246
42245
32148
19835340
37363
45338
41954
32785
10178955
41470
40600
19836178
5740854
246509
43769
5740793
38116
39653
43019
30977
41899
44097
40800
43414
42531
43905
41225
34885
36417
64879
38733
40330
33266
317815
317817
40327
37800
38580
33826
26067062
43148
37614
32773
32776
32505
32781
32724
19835113
42960
326120
318597
33314
38521
37820
31837
35541
19836036
38185
37558
2768730
19836006
19835427
19835680
5740838
40536
40560
42840
42835
42150
3346207
31200
39858
37232
8673958
40700
39052
12798148
12798444
42271
30522404
30522396
19835460
5740647
5740865
5740209
47080
41625
5740131
5740362
33812
50320
39933
34135
40274
40276
40138
45318
2769008
36075
36071
40142
8674045
38541
39835
33636
40955
38019
3772053
12797965
41616
32657
33798
38254
39145
38555
37282
40644
32429
42919
33995
19834727
19835546
19835838
37679
35319
318616
35789
38695
40912
41538
41539
39945
318946
33486
40464
40286
43753
19834745
45248
37439
34819
37254
38350
38342
26067450
42691
12798443
39969
32293
19836135
37408
12798363
19834720
19835913
5740449
43177
3772633
8674091
32084
5740590
5740528
5740349
33062
42820
5740442
36593
43295
34160
34155
31576
37343
37196
34189
36399
246419
246422
39318
32158
38505
49260
19834834
33739
34478
42197
42195
41390
14462912
8674104
14462853
14462890
14462891
14462903
34367
42762
33780
3772218
33611
43984
36229
42148
10178788
19834809
19835331
35765
4379844
34947
26067236
26067235
14462487
37126
37012
43724
3772266
3771813
32860
43981
32554
40629
44126
32008
39972
39980
43377
19835515
318785
26067425
26067418
317823
5740127
5740576
43501
43492
43495
26067162
40535
40539
5740489
36127
32877
318244
31802
31380
32468
19835652
3772464
38502
38501
42561
39461
43213
32796
34560
34639
31738
14462810
3346206
42733
35068
41309
32290
40544
40713
31574
42921
318064
38863
39917
41125
43822
39189
318578
26067210
26067208
26067209
37473
14462382
3772621
3354861
19835539
39849
44873
41312
37071
32028
38300
36173
32793
41170
12798359
317942
32964
12798483
261634
26067369
5740470
5740376
5740439
32827
32547
36642
26067581
40352
40342
36064
10178964
19835363
5740763
41715
41714
14462434
38700
35222
2768968
39258
39311
14462437
31317
31863
32644
33155
33157
34644
4379856
43625
4379850
33310
37953
34592
34887
31470
31596
31602
37289
42414
31736
32382
40187
35705
33498
33646
26067196
35671
36814
14462722
34112
34304
40275
34539
35296
32872
326165
32803
19835108
8673957
34089
47767
42685
38392
26067469
26067468
26067383
19835772
32253
19835128
5740586
43663
32859
50274
318860
37905
37513
35968
38007
39902
2768955
34654
38869
32988
35253
34982
42006
39167
42827
19836181
14462701
19836028
19835486
42795
33075
42686
35048
39405
42103
36526
39410
38024
37270
37271
37272
32401
36543
19834993
36958
32522
35949
31045
26067172
26067173
45840
32448
31962
31792
41191
36432
19835393
35417
3772637
42592
12798467
38468
3355041
36230
19835529
10178963
40398
43912
35189
19834896
43387
40090
50003
12797925
3346208
12798268
40354
43736
33600
32598
32873
31990
32612
35764
326112
