39339
35997
33109
41775
36003
19835718
12797937
19835151
33230
38938
34945
34939
34707
26067222
34090
36918
42373
31402
41203
19835779
47091
39781
39149
35334
43729
38145
34341
43399
41457
37576
32874
38945
42412
26067515
36880
43838
33677
44484
32203
40945
19836153
30522417
39115
36748
246488
36276
42987
31434
318998
12798081
19836154
31247
36818
38946
3772712
37629
37882
37199
37897
40699
318856
40874
34031
36523
43936
43833
37954
36245
3355165
34689
35544
38590
34751
3772180
246538
33769
36829
14462570
39109
59170
41547
41889
318930
19836255
246682
34615
38373
246668
41742
43828
36876
19835854
38259
30522407
34037
38918
35178
19835761
40129
39191
19835021
3346142
39150
33743
42894
39404
36303
39575
40233
318227
32671
19834864
38846
34393
42961
19834789
31414
38712
40891
42141
33947
49953
36005
44289
35523
34011
31376
41369
14462671
42857
42353
32108
41910
40314
41230
37632
40008
32646
39597
26067130
33683
326167
38214
19835820
40066
26067087
32574
36578
317842
32654
39812
42348
40640
26067451
43310
37288
42226
41938
33192
40832
33305
45278
5740152
39362
35846
37306
261615
43794
37501
33035
33028
14462596
42975
318599
38435
32358
19834861
5740691
43627
32387
34141
31557
318260
14462573
33372
19835479
49952
40779
37323
318228
43950
35588
35702
35697
3885565
41476
37080
37788
42115
326183
12798477
19834985
39018
42176
35913
37833
41551
41281
3771927
39351
38992
38994
7354398
42188
2768992
37552
36384
42265
318012
32211
32213
26067318
59214
43690
26067052
39399
2769006
40456
34803
39686
19835901
43789
48311
43428
43146
32200
4379870
36227
19836094
35070
38209
32562
32563
12798217
39029
39024
3355151
3772396
42398
42261
42676
19835533
12798166
42290
42292
2768944
33823
3772181
38954
36353
36362
44160
14462825
36212
35644
2768728
37621
31957
42099
32442
34222
35503
43900
35378
43130
40778
19835139
19836003
39982
37607
37605
50143
40661
5740291
32814
36605
19834883
41447
36263
8673998
42747
33248
32407
34105
3772603
31807
43831
40762
33437
3772657
37308
26067050
32406
38286
8673994
37109
31130
39571
40526
19835476
19836240
19835907
19836032
19835051
35037
14462762
49580
4379889
38973
33272
38993
42425
37009
33317
39906
39720
41348
42025
10178950
32961
32939
10178835
36702
26067077
42367
35694
318175
34677
47384
38849
31618
37781
45910
42705
42093
12798153
38068
39608
31744
32844
32843
33895
32840
33902
37606
14462403
36658
34289
35572
12798470
50110
35865
26067377
33036
36779
40928
43277
37520
170882
31867
31877
8673975
39857
38081
7354466
7354472
3771984
8674005
10178792
42002
41668
37877
42959
31050
318638
38020
41201
41046
39793
43542
42323
42179
41678
42658
42101
43416
19835830
317824
44861
2768858
39516
39517
318071
43165
31154
39775
33568
8674114
35308
38243
38060
19836123
42357
40737
41443
38968
40497
34249
43806
39261
41124
40876
117479
318109
37936
31702
12798063
36004
5740281
39528
36408
3772392
34634
26067092
8674092
8673993
37786
33374
12797917
36897
32425
40476
33856
31179
35545
19835215
38354
5740497
12797927
12797928
35266
31679
5740790
53541
40950
19835095
41825
32017
3354941
318778
34035
43812
38059
31292
42024
38526
5740108
43241
41176
37668
41875
3354890
35667
43758
39572
42454
42999
43683
41375
36041
53564
41593
32603
14462402
19834863
39815
5740551
39814
2768722
2768721
30990
8674093
40864
12797992
12797993
34431
40434
14462416
43810
318011
43239
35888
50157
19835849
38719
37850
40627
31248
43797
41474
19835177
12798099
4379919
43654
35078
35421
39207
38151
40304
36701
40378
32202
14462798
37716
35169
38616
19835280
19836124
5740636
40942
45928
39750
40410
19836143
50253
36176
64867
31383
40148
31037
40065
36073
33287
19835063
3772580
41897
42568
31883
33176
260693
19835742
35516
31791
19836258
33917
31093
19836073
50380
43585
40826
42821
40650
5740282
37981
31953
31201
14462567
39241
40186
33751
319016
40495
32024
39293
35838
31249
34544
34073
39325
37334
33271
34012
38930
34196
37631
31350
38756
2768836
37121
14462597
32476
50396
39816
35514
38985
38986
32032
35062
40169
19836133
33270
3355164
42824
37574
32246
26067066
39648
43843
246584
31237
30976
36327
31090
318087
26067062
26067061
37842
19835369
43522
35698
32781
33822
42960
326120
37813
41557
39732
40536
32438
39076
3346188
12798148
12798444
32217
40086
30522397
5740209
47080
5740700
37088
38099
318213
10178935
33051
40924
31526
37679
35319
39116
35015
35004
19834797
39887
32920
37254
3355093
26067450
42207
32293
19835913
5740442
34155
246417
246419
246420
39316
42608
19834834
38173
42191
36555
14462890
34367
43841
42762
36329
43984
40738
33419
34067
33335
41018
33336
19835511
35753
39679
37707
31975
31660
14462837
19835515
2768714
42210
33204
41011
43317
42561
37559
318193
40157
32943
33037
246493
43442
33140
19834867
34118
35737
44873
32340
32224
37071
37117
32793
3771916
36689
41170
117477
12798483
5740470
3355123
36639
43341
40347
49968
41715
42431
14462496
2768987
31321
34644
33310
31469
31736
32378
32377
40179
40187
31336
14462724
35035
36776
34538
33239
40721
34641
42988
3885590
38665
19835365
38382
41955
26067470
3354925
26067381
26067383
26067385
19835772
19835128
32859
34495
50274
40373
246406
39905
39123
35253
42006
42827
39086
5740514
246629
37252
32553
37269
37271
19834993
34320
41195
38816
3772637
42592
12798467
37881
34370
34175
32873
