318103
31989
40309
40358
42444
32546
43754
41404
3771892
32264
41391
48387
39383
32106
39558
33139
3354992
39332
31717
33301
37360
32462
43436
44014
32230
14462845
36339
42286
43289
43318
41300
43374
39172
32983
35188
43069
26067039
41160
40756
33377
33944
44819
35971
31507
38084
32885
36678
41020
5740857
33610
36750
31631
319025
33680
42462
318164
19835358
36287
37959
8674100
34624
32071
33424
38088
41396
41394
39262
42027
40521
43771
31103
31385
32788
40430
36950
39555
42925
32343
53556
35875
32569
3355134
38198
44011
38717
37076
31384
41353
41026
41835
33049
32482
38222
19836254
40081
3355013
3355143
39255
41376
41540
32288
36594
35139
42178
36157
33141
33965
37797
41303
35449
19835983
249663
42171
42484
19835994
40147
43725
