35929
19835716
12797974
43197
48421
19834935
43095
34891
37218
37461
37304
37155
47399
35124
47272
31075
40967
37261
31942
39428
41867
38322
33211
4379907
3355145
39956
35680
33219
40303
33083
37203
250735
35344
32752
19835481
37914
43231
38186
31555
38137
31940
35940
5740822
32207
5740668
40229
31054
37961
33840
3355139
43591
40659
40666
32088
34734
39766
31945
43315
31290
44030
35072
38324
31844
33262
33916
33526
32281
32070
39377
326119
34503
53579
42218
40545
249072
39310
42496
36381
42169
34688
26067049
44505
41913
39446
36889
35237
38332
33394
326128
42447
38534
40863
43637
32840
32042
12798288
43087
37517
34790
42380
40236
41207
32273
31353
31149
118436
38227
31443
41425
31704
39284
318886
41809
31977
39376
41266
36881
42976
32046
34748
44115
5740325
246467
41877
37843
40546
33991
33750
31212
31729
326255
41670
42567
32489
39764
42525
41090
41081
38178
34831
43982
252671
41873
36121
42655
43835
32164
326149
32743
37037
45931
3355066
36791
43862
5740766
34443
40292
34767
2768892
31525
37845
34685
39135
33939
43852
39817
44100
19835758
40785
35743
42665
35758
37864
32622
32972
36398
36966
37561
31493
38050
31031
30975
34957
19836100
26067040
37065
32846
40576
41355
50251
31658
31656
42509
41943
41992
33509
32394
31169
34282
19835958
192509
