35993
39225
39227
5740215
48340
39204
42557
38941
38940
33413
43571
31554
117361
59233
12797873
42781
34134
3354991
36917
42362
32335
37875
37876
40485
40487
48613
43203
43202
43201
43200
41214
41213
41212
39791
35247
35251
12798308
44079
318651
35115
38619
14462861
14462860
38620
43656
41852
36214
36215
319014
32571
36345
36872
31624
246550
246552
34626
40920
5740243
5740805
32109
50203
41166
2768679
12798556
19835458
34725
326270
10178878
37889
43745
42050
37221
37222
40210
40211
40207
33670
41586
41589
31226
31270
40481
36496
40408
40484
33074
59141
38429
33985
38633
34806
14462519
34836
46027
39125
12797872
36046
40760
39004
39619
32548
246565
326136
32765
35131
19835660
19835198
43742
35006
36354
42021
38096
45012
19835317
34042
318108
326211
33559
3885667
10178859
43252
43251
43250
43249
43248
43247
43246
19835610
38828
3772110
35628
35629
32588
38284
43136
39861
42742
41408
43451
36692
37539
41983
41601
39797
53513
30986
26067444
31189
45706
3772520
10178956
246601
39224
42606
42950
5740534
34913
42901
36883
40418
40417
33669
43220
3772449
326171
37057
37058
37054
37056
38831
42643
32483
42022
41869
38374
38383
35600
39637
46000
40834
38723
19835911
42934
59217
40990
43476
40267
26067406
33978
40216
38680
37445
41634
41633
41635
42174
12798430
32719
32720
5740365
39876
326237
42962
32721
49803
5740751
38783
43304
59157
59149
35859
35862
36489
318014
26067531
12798144
12797895
33481
36477
40294
19835585
42036
41832
39577
35346
2768671
19834948
34227
34223
34228
19834984
19835980
33120
40048
59144
10178905
37087
41652
41651
19836230
50432
50433
34873
50424
34546
40925
30985
35411
42483
30984
36124
5740644
38182
42645
38682
12798579
14462899
37027
44307
47769
14462672
36834
38782
41236
40213
40215
40214
40218
37623
37624
37625
37626
318663
318664
5740609
39621
5740234
40007
40011
41907
41238
40617
35651
42866
41573
19836163
35825
30983
41318
40067
37901
42109
37488
37487
37489
39267
44965
46415
41977
40981
41978
50267
318878
43622
43623
43621
19835394
38122
43687
35384
36103
40922
38211
326254
38205
32696
38754
37086
34379
326229
36016
33784
39205
31779
12798498
3771856
39359
37301
37309
26067083
32911
32905
2768889
12798429
37390
46074
34629
34805
33898
33904
39178
326185
318046
34963
4379890
318608
26067320
43592
31003
35366
35853
43150
43151
43153
47764
36932
40372
42798
3346239
19834892
19835153
33628
40041
39973
36686
34061
39223
47901
326163
34938
50358
37595
34669
34204
34203
34206
34205
2768681
41477
38602
14462692
38773
38774
33810
14462480
318594
2768678
43561
40690
32488
38576
35670
35830
5740459
39740
39741
33883
34587
39008
3885664
42379
41071
34027
318050
34019
42092
34224
3346222
3346221
38792
32359
31198
43158
42264
40069
41937
33952
39992
39993
40293
40289
42551
36340
36394
31854
31853
19835430
43533
32790
32511
39070
35792
44835
35798
35826
50102
32275
40976
5740774
39022
36006
50178
38330
318741
40777
37537
37371
53501
35368
33366
47763
42037
34146
34152
34466
246416
246412
246414
39349
3885642
38953
42526
36356
37988
37989
37994
34106
318624
14462848
44132
36273
42775
42776
42774
37943
31539
31538
31541
19836237
38549
42796
4379880
32801
40534
26067243
33130
14462681
34614
34908
39960
39055
38634
35410
40221
38313
38310
32127
317909
317908
317907
36221
42214
32258
40112
37392
26067388
43179
40548
40831
43305
3355016
36865
14462581
12798201
30982
38574
38575
34774
43160
43159
46035
32334
36655
36342
37213
41334
35409
33250
53544
33129
33127
34906
43544
31564
31805
38083
35745
41481
41488
36172
39177
42067
31246
31245
34348
43703
34499
34041
10178921
38292
37113
37105
37581
33539
43157
38005
36217
36218
38129
50310
26067411
33583
32641
33707
34915
38593
34916
41021
26067148
42536
246388
38509
36415
36410
44573
34410
34741
35240
35232
35231
43043
8674041
31310
42644
37182
34182
34903
37695
35306
37286
36395
42416
35718
35720
41116
326130
53581
38785
48339
37543
246519
36530
34317
34998
40992
39819
42739
19835729
37112
41337
19835694
10178796
14462747
36724
38274
38273
38264
31078
33542
317945
4379909
42242
43547
318567
32420
14462413
32865
32651
32649
5740168
36216
50092
5740612
37463
40392
35963
246398
39465
39463
14462476
19834771
42161
42216
33836
37966
38407
43642
40442
32366
35726
36941
50281
41010
42466
14462545
35285
34300
34297
35580
35579
36856
12798546
38486
31494
38697
38688
38691
36180
40821
37737
317955
317956
19834825
38760
32913
32914
43373
31651
40588
5740391
39496
10178916
38127
19835644
34823
43091
42682
59225
59224
42005
41996
38125
10178890
10178862
36933
34086
42381
26067588
40245
36968
38128
32534
250811
34059
31047
318914
35861
34269
41198
41199
19835124
39788
39790
48316
32160
35430
38457
42320
42318
42319
39231
38632
43999
31952
41511
43714
12798405
33334
3355111
43716
36757
36751
33615
34997
43688
43708
31271
35986
35981
5740481
50198
50196
50202
39515
39511
39509
38929
34723
318916
14462625
32713
39771
31391
3772290
318097
5740761
38056
41979
41982
42360
42355
42352
42351
32325
32319
53516
33684
32708
42728
36506
36509
42723
39124
33386
40827
39673
246490
41183
19835441
14462915
38647
32952
32951
33547
3885656
43744
36418
35904
7354407
34570
43440
3772463
246575
35806
40979
36011
5740704
53503
53508
318882
45017
41802
14462446
319052
42073
35140
42072
38912
38432
48239
318238
38758
2768915
2768918
42070
37446
44219
36871
36882
42334
42336
42337
38293
32349
44910
43829
33706
41233
33888
40479
40482
40483
37017
42465
43164
31297
246600
34159
38406
38405
36266
3772037
3346223
48338
38884
12798122
12798463
37144
37140
40956
39260
39839
39840
40770
41822
26067346
33265
5740195
5740183
35160
36196
42482
59164
33407
13084069
26067558
42031
42023
38107
42560
34919
41870
42424
34494
40450
40866
40869
36434
36433
36462
37052
37051
42066
40671
47253
246650
3772220
38386
39636
39635
39634
39633
39626
43756
31105
40152
34745
36731
36826
40270
41373
33903
8673976
43480
43479
43545
32392
35216
33993
37522
43084
3885665
48343
3885584
37427
31672
44631
39677
246549
32707
32705
32710
38280
32813
31080
37655
34428
43053
14462752
59140
59142
2768682
2768690
36095
34799
10178806
12798438
42913
5740847
31166
35162
246624
246460
36929
36940
36182
37652
43294
5740715
31014
318725
41995
33726
12797893
41472
38175
33961
37095
37096
37092
37093
37094
50263
31193
318622
33727
41111
32685
35213
37287
326258
34927
33073
33406
37944
37942
37939
42609
35710
5740585
8674097
8674101
40599
32650
32648
32124
36039
47873
39066
31909
33027
31646
36631
40021
41925
39580
38202
35521
42803
37967
31060
31061
32926
42071
42020
39179
38857
10178852
26067300
43613
43612
43603
43602
40978
35215
43424
43054
42034
39959
318893
37572
49815
7354422
32174
14462658
43678
41636
38933
47208
42864
42867
39462
39756
36446
40679
42341
12798317
19835857
42296
35834
39346
50082
37317
37316
41900
32398
43543
318957
34651
19836034
36429
34390
43154
35824
59177
44750
38029
38685
32981
35821
35827
12797898
10178932
33121
37496
3885655
32043
40649
14462740
246525
318943
2768717
35612
35372
14462464
40422
14462746
38850
35087
35080
37428
35082
42008
318040
318036
50315
38952
3346225
3346226
53573
39005
12798052
33616
37059
37055
39328
39981
42007
33072
35559
34761
42501
34636
326133
32896
38517
34188
2768990
38596
38588
38599
246545
31343
42125
317828
317827
42538
33047
12798252
318603
34060
318582
35000
31612
318559
44001
35520
38219
38220
19836157
33576
32923
42807
38668
14462862
33859
37569
36790
42252
42250
40767
40775
39996
5740319
37358
37357
36271
41945
33347
41720
5740757
34211
34212
44018
39652
34637
34638
34802
34801
34800
318646
39152
36080
59143
326221
36651
36298
43388
39620
41569
39334
33071
31136
46059
41558
43757
36799
14462720
31778
31474
326225
39011
39012
49804
35110
42338
42839
32068
3346149
14462401
40771
39497
37544
37538
35800
19835899
30981
5740303
39938
39937
34140
31506
40280
38547
38550
34920
36343
36346
34953
38011
318700
318094
38766
44006
35914
38553
42780
33807
33804
33800
37158
37159
40923
19835014
31528
31522
38696
31018
34123
35163
40283
4379842
35944
39036
39038
45039
44855
31551
34176
38523
43210
19834808
8673965
41232
14462693
33617
35688
43058
43105
318591
43057
19835093
36047
5740549
36597
36223
40823
40822
39315
42194
41169
14462847
33085
34191
246458
35829
5740714
33205
33206
33785
32423
32421
32419
39500
44702
50458
31552
3771756
35498
39676
41136
31341
43715
35246
31703
3885597
32621
38323
38328
34218
326244
37597
37596
42230
40123
38584
14462447
50133
326148
5740165
5740622
36195
53540
40212
26067175
36391
39458
10178965
3355069
318189
326238
14462906
34445
42730
42729
42732
42731
33231
12798258
34278
19836250
31423
35730
35733
35727
37622
42069
3885569
43212
10178820
10178898
37382
33548
3772349
38532
19835655
43161
32834
32835
40511
44154
40353
40350
19835092
246393
19836238
38522
42432
36430
38830
38829
43156
35228
2768938
2768939
43052
34660
43050
43051
34662
10178795
43062
53584
42558
14462410
42708
37852
43634
43635
43671
33708
3355102
37299
42409
32912
31737
35706
37031
251610
39681
318653
42068
40393
33641
32299
34530
34536
37097
10178930
31342
19834817
3885606
32917
38278
41210
40905
8674012
31652
41211
38393
32854
42490
50282
48337
41851
246404
40907
40906
40902
318166
41550
36994
38542
45247
40389
38503
246627
37651
33076
42692
39447
39402
37815
36344
41104
26067579
36396
36926
37227
38153
36582
32525
49080
39916
318908
33434
33405
41197
35111
43713
36967
38681
38679
38684
38683
14462789
38687
39039
42522
43394
12797953
33167
35422
318093
36747
32609
32610
32611
38499
