31489
40692
2768832
38150
34394
32140
36927
50224
40094
35242
36200
34427
44228
31605
39922
39234
42985
36277
34613
41433
38154
32740
33715
47408
35899
37784
37466
36015
32239
318990
33469
33918
50266
35348
35383
10178936
31185
326264
246534
39251
32150
40624
40695
41027
50405
43447
32208
41939
39986
34121
37168
35793
37996
37079
33220
36233
44046
34630
32410
31560
36991
38290
38514
39436
317928
37181
33905
39768
44183
41121
32969
35128
31606
38378
42510
42215
39381
38598
41800
31119
41689
31950
41432
36878
41161
38413
38355
5740185
33369
33725
43507
48224
31005
33492
31190
37931
37946
40404
42996
40694
318031
32676
37922
33495
33987
42885
36310
35923
44360
38763
44110
36057
41845
31141
32789
3772232
32216
42572
34314
33652
32434
31960
39523
40932
32777
34479
38199
31553
37761
36357
38325
34967
33528
32262
43503
43325
33461
31761
41132
34281
42618
41304
43459
50096
36640
38530
36224
35728
40036
36762
4379863
34681
33179
318911
40177
41177
32599
42589
