40936
19834874
43033
44790
34736
36076
19835332
19836055
19834909
38935
34921
34706
45739
39760
41988
3885587
3772292
38252
318104
19835848
19836199
38306
34094
36912
36916
5740513
38142
40226
40235
326126
42325
36352
34262
41215
41771
39388
43826
39780
39779
35241
246501
246496
38453
36193
39151
14462735
37267
37861
39406
12798517
43731
40198
41458
33351
38091
7354430
7354405
32572
318563
43539
43535
12798479
318243
5740176
33565
5740321
317926
32002
39301
33455
39543
14462345
40879
41217
35291
45234
31896
3885607
38920
38919
40248
326329
37603
41662
31251
19835824
50250
41182
39268
5740472
42345
44672
33579
14462585
33676
37129
34145
41583
41423
39527
39533
5740740
42110
39134
31021
40468
38452
19835883
19835100
41148
40307
32130
38726
42452
38484
50149
37047
36375
38423
19836046
19835837
34616
36606
36875
41426
34319
43421
19835485
31687
36146
32036
32552
39269
31767
50188
2768670
26067063
35832
2768981
34594
14462354
318722
31211
41964
2768688
41961
31152
14462504
2768910
246562
43974
19834786
2769007
37200
246671
318037
34030
43298
36718
39033
33694
33696
33700
12798537
19834885
5740733
326159
35404
35073
26067587
42249
36525
3355084
39257
41164
41167
41171
34235
34829
36914
12798079
35621
43779
19835193
31855
43014
31456
32428
39122
44660
14462448
43453
33026
19835207
37422
37125
39796
44317
43215
43193
14462668
318737
40488
5740356
318901
14462499
19835375
2768865
19834996
34912
43997
26067072
26067556
38121
34280
34408
31970
19835712
8674115
33771
40258
40256
50302
40273
19835727
19835103
31224
34622
36895
26067252
40416
33418
33473
50170
50169
41863
35599
39641
32688
50001
37400
42117
38337
40224
31170
41880
43630
39684
43300
14462557
30522409
31537
19835077
33914
33928
19835416
4379867
38708
12798523
32711
39878
43825
47869
35031
49165
4379854
36862
5740672
40612
42628
59150
38677
12797968
12797967
12797966
33475
33476
43291
40401
32138
2768661
31922
31921
38047
36589
35898
35901
35902
34553
39574
250736
38493
41247
43669
34220
117496
34398
19836122
38713
36848
38751
14462438
45587
42134
37921
19836190
33946
33951
19835905
32183
30522393
41657
19834763
19834920
19835543
14462702
32221
40664
26067287
26067289
35424
34568
42303
326144
42936
35408
36059
5740210
43493
43682
36497
37191
33721
36129
36126
3772382
38184
38183
38180
12798331
40017
35013
42646
19835596
36544
41368
36746
34038
36840
326154
36521
42889
43270
37823
43279
3346162
31486
41239
19835649
39769
37633
40016
41298
26067203
39598
35647
26067131
26067134
33901
33343
7354470
34557
41842
41772
32780
37891
36632
33923
39885
37485
41676
43614
37973
26067453
31227
40610
38013
19835283
34582
318948
38212
38176
14462450
42668
32097
35168
19835789
19835227
31000
40412
326216
14462892
14462893
26067566
26067564
31236
38788
38769
3355160
42873
12798520
12797902
41789
42310
32177
40758
37307
326227
41888
41890
48971
40225
317923
26067150
318950
32909
34165
43783
32625
32928
38367
3771811
33842
33838
33900
33844
260659
39180
39188
37451
42159
35531
26067324
42763
44263
32561
41047
41357
35757
31625
40543
36292
36079
19835639
38971
35077
4379891
3885654
19835418
14462842
2768680
43308
39951
42790
326152
3346160
31107
33007
12798408
39965
40619
40621
36945
33552
5740816
38469
35691
43820
34052
31955
41473
8674074
34980
34775
31355
31352
44275
39238
42118
42116
37940
26067452
33284
33283
34738
14462761
3885573
26067059
26067058
35959
43558
43563
53472
31023
5740621
37825
37824
41549
36681
39106
44643
39352
36385
32352
34878
40739
43234
3346209
38801
31220
12798389
12797878
12798424
35881
42258
42259
32205
38611
5740263
5740708
26067120
39919
38545
37892
42918
36896
5740323
42715
34129
31181
40345
26067147
40281
40288
318833
2769005
40961
36333
38755
35884
3346150
49713
34628
33793
7354434
37167
37173
37172
40471
32797
40715
31509
31513
326123
37862
42402
41528
37704
35480
318940
36877
34380
19834936
5740676
38102
12798062
35419
45816
41145
31601
117338
37702
12798165
42287
40105
40088
40099
40124
37374
37375
40122
5740246
326203
40665
3346192
318147
5740840
5740879
43362
5740655
5740565
34143
41286
19836120
34468
36371
36056
33601
42523
44108
40995
37993
31716
40396
37895
14462462
42778
42773
33221
33217
33216
44801
34665
38786
32233
19834918
326157
43392
47285
19835632
31542
42836
39952
42784
19835513
35777
19835762
37772
41007
32291
41512
35505
26067246
26067239
14462473
41025
36295
32245
32312
3772355
39050
33163
41299
43126
26067460
10178834
12798455
32986
34007
40117
36992
3772624
39049
41033
19835673
31425
26067224
32815
40551
50074
5740505
43892
36601
39947
37161
40336
41235
40331
39308
38579
39873
32748
26067278
318059
31276
4379817
8674066
43782
19835357
32413
32414
37724
7354412
33128
37582
34099
31803
35741
14462452
32467
38087
45320
31244
35452
43469
34678
40652
2768945
41677
33276
33635
36905
41093
32619
59235
36125
36032
317943
35486
43238
36413
32576
37107
42235
40135
40143
318790
26067409
32058
19835224
5740461
5740435
14462495
32718
32136
42920
38070
34742
42475
42473
35238
12798527
14462767
14462727
33277
31550
33162
33819
326184
39630
37968
43324
35026
37278
37283
40192
40197
40196
40195
38742
41119
42471
46015
26067202
35071
246521
246518
34318
19835269
34991
32506
39272
12798016
32162
42467
10178832
10178960
41154
37599
19835582
33247
12798245
117467
3772569
35292
8674079
40313
32114
32898
10178807
36703
33556
32652
37465
32647
32864
43088
42295
26067582
26067583
117501
326110
35083
44448
50236
2768719
42443
38539
38540
36447
40733
31002
34853
53471
38844
42455
36488
42703
33191
33268
31750
31751
31747
36938
40020
37447
34231
34385
36574
43660
43655
40583
38485
38487
31498
38694
38504
40361
3355097
32918
36771
36772
31094
36634
39727
37518
117345
35957
43484
50350
318160
14462605
2768948
19835002
34826
34787
34886
43090
43089
31311
246591
33125
35977
35494
32033
40305
39569
35813
42001
12798531
10178897
37236
37225
32385
41962
37884
33658
32533
42204
43590
42681
36673
43195
19835575
31379
41109
33427
38464
43721
35442
35090
41747
34358
40181
317860
19835082
317858
41438
39962
35239
39999
43417
34840
2768912
5740685
19835081
32161
35980
35984
5740572
19835962
39054
39508
14462706
10178779
12797888
38932
34718
3346227
19835322
35535
318246
41944
33613
2768846
35529
38241
38246
38247
12798289
33019
19835337
34015
34014
32324
36363
33685
41575
41578
45668
36504
43184
43188
34244
34240
41221
19835931
317913
38352
35261
38002
39263
38440
19835428
38653
26067348
32147
41525
41416
42576
41958
7354406
2768969
31697
43581
19835061
19835371
39825
53502
36187
14462357
14462359
44540
33158
36736
246446
246443
14462353
14462355
35144
30996
12798147
37284
40126
43133
31733
36060
39900
31826
12798102
38086
42707
35620
2768718
33702
40513
14462901
36405
34640
34642
37555
36533
36529
261621
31218
31219
37328
37879
38409
37367
36258
36086
19835867
39156
19836212
42514
40931
14462738
40833
39617
31674
19835871
37138
32037
3885585
36028
39389
19835258
32734
5740861
5740154
35161
35158
43796
37583
36131
318224
19835904
3772530
42306
42573
12798114
2768997
42562
36445
36907
3771890
36911
38101
43946
37643
32157
34496
19834850
33866
26067256
40453
36470
43240
37041
31865
31866
41184
64877
31861
33040
19835780
3346167
33137
39418
37119
42574
37479
14462350
261607
326198
35962
34739
34918
14462551
19835872
14462553
42541
36741
41381
43482
40722
33012
43127
33989
19835434
53586
33999
43464
33534
35182
5740674
5740821
34657
31991
47216
8673968
8674032
8674081
42597
40310
33339
10178879
12797962
12797963
12797964
12798437
12798528
32353
38064
33484
40424
5740408
36485
33752
33760
43816
3885598
43028
19836038
33732
41846
19835306
50005
38780
39833
38730
38725
44129
33701
33962
318693
37456
33263
50415
42477
42923
26067360
38218
318250
326250
32687
39896
39894
43924
326257
36167
34952
38771
38196
40359
42086
42087
42080
42082
42614
36700
19835993
34452
35595
37746
59178
42089
37814
38562
31344
36849
40791
40794
35414
44324
41726
36033
3772579
3885567
14462505
36656
35911
37715
41926
35630
32723
35343
35662
31395
42955
38885
42350
40136
40704
42269
42489
39198
37064
41649
41644
43918
32672
39084
38810
50437
26067297
318751
42577
14462723
31401
39868
38006
43551
36137
36145
36726
246625
42635
42629
117331
19835927
36337
14462523
32240
35286
43676
42865
36436
33289
33291
26067078
39419
43260
19836158
5740836
36438
41905
41250
41953
33953
32400
50044
318958
37152
40254
19835514
19835057
19835681
19835765
19835290
117339
47894
34419
34063
32674
37983
41671
41661
19835086
19835750
19835805
26067302
50374
33361
33690
5740544
43584
19834836
32703
43071
45382
30998
19835920
38194
38195
35550
42652
31997
326232
34804
14462375
31948
10178782
36318
42893
42892
5740375
39411
31397
34547
39330
36671
37332
34075
40946
31949
33240
31718
8674044
31727
34959
34983
43800
35799
318857
19834804
34545
117347
48552
41411
43904
2768977
41469
38586
40675
37950
33851
33884
33892
42530
34889
5740719
246620
33046
33048
117368
35066
5740629
42948
33795
32531
246653
43546
40681
41034
34055
19835778
35376
50397
31611
38657
33517
41252
41017
19835664
3772064
32415
36770
35063
35597
4379885
37033
37032
44856
39127
19835542
33337
3346202
4379834
38761
37567
42246
42245
32148
19835340
37363
45338
41954
32785
10178955
10178781
41470
40600
19836178
5740854
246509
43769
38116
39653
43019
30977
41899
44097
40800
43414
42531
43905
34885
64879
38733
40330
33266
317815
317817
40327
37800
38580
33826
43148
37614
32196
32773
32776
32505
32724
19835113
318597
33314
38521
37820
41568
31837
35541
19836036
38185
37558
2768730
19836006
19835427
19835680
5740838
40560
36786390
42840
42835
42150
3346207
31200
39858
37232
8673958
40700
39052
42271
30522404
30522396
19835460
5740647
5740865
41625
5740131
5740362
33812
50320
39933
34135
40274
40276
40138
45318
2769008
36075
36071
40142
8674045
38544
38541
39835
40955
38808
38019
3772053
12797965
41616
32657
33798
38254
39145
38555
37282
40644
32429
42919
33995
19834727
19835546
19835838
318616
35789
38695
40912
41538
41539
39945
318946
33486
40464
40286
43753
19834745
5740581
45248
37439
34819
42691
12798443
39969
42206
40100
19834720
43177
3772633
8674091
32084
5740590
5740528
5740349
33062
42820
36593
43295
34160
31576
37196
34189
36399
246422
39318
32158
33739
34478
34485
42197
42195
41390
14462912
8674104
39827
14462891
14462903
30972
42755
33780
33611
36229
42148
19834809
19835331
35765
4379844
34947
35724
37126
37012
43724
3772266
3771813
32860
41287
41749
43981
34237
32554
40629
44126
32008
39972
39980
43377
318785
26067425
26067418
317823
5740127
5740576
43501
43492
43495
26067163
26067162
40539
5740489
36127
32877
31802
31380
32468
19835652
3772464
38502
38501
39461
43213
34560
34639
31738
3346206
42733
35068
41309
32290
40544
33142
40713
31574
42921
38863
39917
41125
43822
39189
318578
26067210
26067208
37473
14462382
34327
3772621
3354861
19835539
39849
41312
32028
38300
36173
12798359
317942
32964
261634
26067369
32827
32547
36648
36642
26067581
40352
40342
36064
10178964
19835363
5740763
41714
41717
14462434
38700
35222
2768968
39258
39311
14462437
31317
31863
32644
40335
33155
33157
10178929
4379856
43625
4379850
43290
37953
34592
34887
31470
31602
42414
32382
35705
33498
33646
26067196
35671
36814
14462722
34112
34304
34539
35296
32872
326165
32803
19835108
32643
8673957
34089
47767
42685
38392
26067469
26067468
32253
5740586
43663
53433
318860
37905
37513
38007
39902
317833
2768955
34654
38869
32988
34982
39167
19836181
14462701
19835486
42795
33075
42686
35048
5740825
39405
42103
36526
39410
38024
33079
37270
37272
32401
36543
36958
35949
31045
26067172
26067173
45840
32448
31962
41191
36432
19835393
35417
38468
36230
19835529
10178963
40398
10178885
43912
35189
43387
40090
50003
3346208
12798268
40354
43736
33600
32598
31990
35764
