34403
41774
39522
31664
34709
36139
35227
41206
41209
2768909
43727
14462441
39400
35594
38149
8674075
36302
36959
31523
32110
37919
319048
32817
40633
47141
31964
38073
43565
39165
35475
34611
43423
19834792
32549
39274
39365
37188
32761
38478
326153
46156
8674120
46020
33505
31110
33014
31662
2768961
40789
32741
38934
42903
39425
41868
38381
40045
32855
36491
38961
35398
34835
39035
53566
35177
41370
32604
38976
42076
31404
32301
326151
31899
42142
39659
31127
38032
32690
35198
41981
326259
34542
38652
38187
42846
35400
31144
39747
41094
31722
31187
42882
3355131
44548
35425
40554
34962
47729
41043
31153
40051
8674034
5740320
32153
36685
35061
40813
47877
48481
43222
35927
46194
43001
41126
40844
38959
46006
38997
36376
36697
32020
37554
37751
43604
41931
39995
38718
35325
31843
42601
33644
33619
261329
31544
33370
37373
36061
38561
38955
43928
39958
19836121
39693
36824
43319
37601
43513
45970
35677
39302
38376
31430
35749
41319
32948
36238
40670
32908
40647
37216
31771
37019
41113
32760
37542
38876
32980
45775
33562
36156
38412
31609
41952
40566
36626
59223
36953
32557
7354432
35330
35113
42848
40182
42670
37757
38811
36253
39218
42026
3355072
33423
44235
40858
35653
35258
35235
33281
35731
39374
31707
35783
32751
31221
32965
32337
38648
35937
33974
34608
318226
41399
41393
46158
41168
33863
45785
53442
5740811
37762
36279
318225
36286
36465
36682
39212
41185
37146
38391
33422
40262
42995
34000
34002
41524
39810
42876
35207
46078
326215
36487
43242
33758
31448
35922
31724
41112
32678
32684
32850
31165
33225
36290
47260
32889
40411
43951
31496
40385
33922
39944
37072
32666
44451
39082
38385
36138
39203
43265
41244
42853
35173
37977
39535
41055
35369
32005
36670
41592
31349
42127
35051
38649
39762
41612
42809
40683
33148
32248
32543
41392
40602
39650
34440
36652
33435
3354995
31842
37818
32627
31017
44785
35170
117366
39540
40850
32613
45830
39989
37844
47186
39142
39043
3354888
40965
43008
37403
19835487
31713
39818
40296
40295
35609
34483
42192
44259
32631
33774
48071
42669
42687
41602
35499
34361
32919
38327
39826
44071
34433
37562
3355133
31015
40620
42734
42735
42177
41498
40720
7354428
36619
40165
38062
19835701
38893
36426
31320
31976
37978
39934
40693
37021
41107
43288
36763
40577
40371
34292
35044
326139
42385
32517
3771905
35109
40172
26067089
38477
32605
42897
31487
192508
12798068
12797864
35485
42898
