39233
40228
39776
34626
3772462
42046
42045
42992
39432
37729
42497
45780
8674071
41173
42671
35941
36759
37872
38979
42828
40388
36018
39628
35146
31399
42939
39434
32876
32584
31174
35674
44438
35174
37378
35176
33444
35342
31146
40395
36135
41231
33306
35701
42805
31567
42641
36638
42872
33105
37841
35754
50428
39433
38749
44021
38147
41270
39845
36050
36058
37782
33215
41079
32441
44701
42751
43698
36730
33544
40174
34999
37111
31082
39855
40871
42439
42440
34675
34679
41641
33518
42396
33643
45682
37887
32530
31760
38898
39456
7354380
36758
50392
33682
38655
38646
36040
31295
246599
37285
39829
34316
36259
43761
40639
34656
19835696
44002
42611
39624
44172
32444
34412
42802
33738
34387
64872
41503
34359
34187
40947
45269
33853
35029
37246
19836157
35056
33332
36406
34837
36951
42274
46058
46456
32047
42831
41694
37387
34890
19834780
2768877
19835114
39136
37894
33704
40299
34488
35341
39745
26067159
33045
53577
34326
34325
41531
45064
40510
31521
36423
37029
32916
43740
246582
39254
38470
41840
