32479
38148
34683
31222
8674019
49427
43516
42984
41403
33017
37128
44086
38113
38235
32440
42943
37214
36409
59151
12798326
40857
36309
43739
48844
33298
34446
326121
33371
42003
38600
31398
41566
3771790
40291
37988
31566
37807
53546
34500
34965
35995
43044
41227
41342
32242
246587
48986
31228
39914
39486
33573
41030
41349
36570
19834895
31150
41570
44437
33776
36463
43233
246497
41141
41859
42014
117414
37637
43609
40630
42870
41951
59261
38197
39749
42697
33718
35681
34186
44498
39877
39253
35773
34780
40080
37388
34264
39856
39941
50107
246418
318249
48312
32395
40130
318825
49425
34111
35732
38302
43345
39477
33710
35711
35728
35592
33175
35567
