50224
318636
38614
50364
36014
3771859
39922
34976
251466
43100
36242
32296
35891
35673
43823
31708
32239
41364
31243
40637
33777
46074
246534
43768
33864
35690
41480
31849
34309
36963
37175
32515
41311
3772551
47251
38815
37809
39687
38290
32968
31145
35656
43582
34315
41341
37966
32626
33908
34762
34696
35987
5740389
39221
42359
41417
40846
36448
45250
43717
33703
33858
36536
50373
35585
39862
3772288
37834
3772179
41597
246548
40451
31698
35880
31014
41920
39235
37475
37697
41672
3355106
4379851
35000
43549
41316
31148
34302
42942
32789
43652
40085
43938
31809
33652
39523
3885575
41991
45757
50139
50133
43081
40714
32512
36688
36150
32902
35847
318909
