31204
39099
42237
37201
34987
43401
31620
41072
43070
31800
34416
37874
41441
40191
32754
38017
42322
41398
38399
38362
35397
35155
37860
40249
43791
42935
34956
36382
39455
35893
37063
41833
34395
38714
40616
34378
43788
33185
33285
43315
41783
33640
36683
37331
43749
44030
3772696
40793
41788
40133
35483
35584
42520
36361
34551
37500
31987
35519
40653
35555
40144
3355010
38433
43651
34850
31615
36133
318102
318000
32594
37443
31149
34715
318918
39445
32566
33881
33532
39376
42124
39610
36621
33440
326197
36027
43385
49701
42819
33761
42130
37858
44274
43774
35420
40140
32256
34896
50438
3772670
32209
40055
39158
43842
38491
43804
40164
43856
40676
39961
3771871
40000
47082
43312
31500
30522401
36068
35539
48317
44830
117294
39168
39613
31012
36698
38963
43256
39252
41744
35041
8674030
14462788
43650
