39161
50225
318103
38446
37925
5740592
31157
40309
37464
40358
32546
43754
3771892
31942
32264
41391
33211
33778
34784
34881
39481
32838
41831
36571
36373
32106
48571
39558
3354992
39332
31717
39366
40659
43436
44014
32230
43379
43554
31746
36339
31844
45821
43289
41300
43374
39172
19835548
40545
35188
249072
36118
42181
43069
26067039
41160
33377
44819
43352
47457
35971
33512
43266
32966
42972
36678
43694
31065
41020
5740857
33610
33680
31704
318886
19835358
37959
8674100
41406
34624
33424
38088
41396
41394
31682
39262
41826
44039
3772126
43096
42027
42300
246467
40521
43771
31103
32788
35181
40430
41854
39555
32343
53556
32569
8674040
33466
3355134
246593
34490
38198
44011
38717
36527
37076
31384
32261
38817
41353
41026
47594
37619
31610
32482
38222
40660
44543
43528
39017
40081
34139
3355013
33805
41376
41540
39032
32288
36594
36372
44100
40156
42178
43080
31420
33141
33965
39765
35449
50296
19835983
42171
44027
40369
37410
19835994
33509
40147
41911
36442
43725
