41768
39521
12797970
38044
39090
33779
39413
34735
5740664
19835752
31535
32135
41816
38098
34749
41858
32055
39083
32078
33001
43218
43819
42937
37588
31151
3355129
40851
338392
318981
42140
32853
3771728
41091
246511
36246
32935
32079
10178871
3355158
33301
42158
26067094
31905
40622
33809
317834
32492
326256
37381
35200
40290
34928
38748
31519
35795
43244
42279
37516
39691
42211
34376
41140
41320
7354379
37073
19834930
32933
35816
34655
35375
41344
32967
40587
35627
33190
37401
40710
35310
38859
36675
41204
41350
38461
31631
35828
34719
40873
31230
43943
14462361
40723
3772048
3772192
3355120
41599
33501
31856
41855
31175
37932
42078
8674000
32122
33982
34519
43003
32119
32014
31006
3355126
36794
36048
43508
33855
33862
40712
14462524
38224
38762
32145
32144
39997
35843
41138
33258
33255
32544
43499
3355135
40084
33520
37156
32987
10178803
39444
42189
32947
34354
32971
31657
40323
14462866
33648
31381
32787
31880
38520
37294
40188
41151
42642
37515
319028
318698
36541
35570
35672
32596
40941
33597
40558
38026
31642
