MEblack	MEblue	MEbrown	MEcyan	MEdarkgreen	MEdarkgrey	MEdarkorange	MEdarkred	MEdarkturquoise	MEgreen	MEgreenyellow	MEgrey	MEgrey60	MElightcyan	MElightgreen	MElightyellow	MEmagenta	MEmidnightblue	MEorange	MEpink	MEpurple	MEred	MEroyalblue	MEsaddlebrown	MEsalmon	MEskyblue	MEsteelblue	MEtan	MEturquoise	MEwhite	MEyellow
-0.0806231554145038	0.000480537852072332	0.18013769769696	0.120363490742181	-0.0482647967285028	-0.135569064361066	-0.0951844657843927	-0.000587830594107354	0.109591765822671	-0.00607385595390579	0.0390700462947216	-0.0138581144829614	-0.181560794089642	-0.0430256964924303	-0.034514199505807	0.00430927026001622	0.154214633158584	-0.144161836466107	-0.0470581858204453	-0.100646671045194	-0.0265736923453563	-0.0826151004351955	-0.0740339828790814	-0.130692879661376	-0.17247169690976	-0.0515736972842405	0.0661358678841251	-0.153541431609496	0.0868029981502665	-0.0429129349978008	-0.0414773643979433
-0.121255001801528	0.160615973805639	-0.0901049568914691	0.0674791765895651	0.112797003447872	0.105999736815291	0.139730190897128	0.128395860998078	-0.203359003261446	-0.208885849166328	-0.173573205056791	0.323950725029966	0.11963020027386	-0.111545092851806	-0.100431465112015	-0.0314597968700663	-0.0130538233043649	0.146424572218643	0.0501070101938765	-0.0859455587424462	-0.172777353778875	0.18397941046244	-0.00854380195875382	0.0283762991793817	0.0327371251242615	0.0968697460683541	-0.00713508386414691	-0.0174516089951822	0.108038234068564	-0.023140212801294	-0.140564413473185
0.188210877270524	-0.173048339030192	-0.0983986810641361	-0.173584477655954	-0.0768546879724623	0.0357191031120936	-0.0463118066435773	-0.145984794887637	0.0518926959792032	0.190072463661705	0.120083916020485	-0.0546192409333016	0.0307818642761722	0.175162553369653	0.142720348414672	0.0385620332875152	-0.16260586424036	-0.0313565598040023	0.00570427018901193	0.176676890291923	0.201636037404398	-0.118867291171151	0.100223684430626	0.0665988821397321	0.107650158173396	-0.0423769780461553	-0.034655716071711	0.148127363054619	-0.204108055562526	-0.0963702685174848	0.177510854180008
-0.0880580106158809	0.0222634131121797	0.194366752367047	0.0796918455303866	0.096565569938728	-0.0464170237740508	0.0362436450520449	-0.0864753175360723	0.130940766003934	0.00531588439069909	0.0102743885086292	0.0405325898498773	-0.183982680617596	0.0990361880167648	-0.115865450371078	-0.101222527563478	0.17454905129604	-0.0906950620074635	0.151252030673844	-0.0328468022481183	0.0344535844598993	-0.0670039042404583	0.0964825191928918	0.0401165361630382	-0.13675077078629	-0.164103528344455	0.248024345012226	-0.182506097058558	0.0991520371980713	-0.0261282631919198	-0.0858916256626319
-0.0930023528840037	0.144992353865521	-0.0886336249790801	0.0203978014930853	0.106391977106268	0.0893054851438501	0.12808244681888	0.0687633863007321	-0.183988221293325	-0.126782908405239	-0.159132461124985	0.240666694221728	0.0970860879512018	-0.0625602674801343	-0.11012201446506	-0.0811568080451438	-0.0291628873511374	0.131340556353178	0.0518499250185005	-0.0592615538133238	-0.110789638234046	0.166202509269325	0.0161303140676362	0.0184702892167423	0.0298765436846334	0.0323697571276512	0.0118318545828424	-0.0241769969851224	0.0928184267651518	-0.0373449345819769	-0.120710171583031
0.1743085919514	-0.158205585486268	-0.104436545472518	-0.244501486140836	0.0541712067309647	0.117682973065505	0.052504876738246	-0.272861748031747	0.0545906993996611	0.200183268777481	0.0761663186375436	-0.0472286259052052	0.021170696156705	0.323365452210594	0.0307458992259237	-0.119922715978269	-0.15471985120849	0.00854503761187059	0.178032482446683	0.236010549013915	0.269571285004192	-0.110149861977539	0.262493220811515	0.183444461489603	0.132980091818652	-0.227920217458712	0.137596866377085	0.0966159600415353	-0.201516552908338	-0.0988664536770733	0.13331278680594
-0.06671701295529	-0.00943966745654157	0.171411680107497	0.104174702943758	-0.0468091435190922	-0.148376477246203	-0.0930094112923098	0.0321563935800932	0.0789262036914486	0.0123525641854096	0.036335217400316	0.107453354365509	-0.182950881208441	-0.0142090341322758	-0.0401897034712099	0.00147357485734237	0.132944331864241	-0.155678011815027	-0.0545455113978123	-0.0831688172265292	0.000438289901711083	-0.0905713605041431	-0.0634963276057034	-0.119919268154282	-0.15735528587069	-0.0231633715229271	0.0213977826896292	-0.153292730136223	0.0764889028865755	-0.043166952771847	-0.0367061031910178
-0.0869003340047219	0.142821075542802	-0.0919283406506376	0.0136936584545081	0.126244119681407	0.103553846283939	0.144648279835059	0.0478428060065171	-0.170389437696223	-0.0844342876456582	-0.14853722029127	0.183806081926494	0.0902948408634361	-0.0296920522359536	-0.106470656241642	-0.082944455674782	-0.0344366547429717	0.14065373057128	0.0824055063539896	-0.0473398836148953	-0.0852527036112612	0.163609462700409	0.0600101502475399	0.0167392703583288	0.0282079983897307	0.0224594323143284	0.0605224387758935	-0.0273784897381192	0.0915171762239583	-0.0332644093233116	-0.109587190132845
0.163608418145174	-0.16936632953313	-0.0711935097323752	-0.151226378454492	-0.0722080017541589	0.0239540525118927	-0.0397968660805682	-0.151320818793737	0.0633247974941325	0.17813720625159	0.120790351940778	-0.116264131887245	0.000225947347844941	0.175688934254703	0.115944977324865	0.0229885275319628	-0.150388084515043	-0.0448393524558546	0.0297673159411567	0.162959028575731	0.190729754692981	-0.121518028082818	0.10457246610749	0.0671622495439594	0.083364219772108	-0.0449772537447212	0.0130469438982086	0.111935917219144	-0.187827301476401	-0.0709284425026361	0.159192285201203
-0.0629660845157896	-0.0112022452416207	0.165980539545215	0.117721864319756	-0.0556096617437532	-0.145032683063488	-0.10259947681646	0.0249661267328274	0.112230193788069	0.0257971349276954	0.050631176425853	-0.0164390780588137	-0.174447897778129	-0.0295259927686202	-0.0348514878119961	0.00112014882895932	0.142495886687394	-0.150738403477119	-0.0448415077436892	-0.0782485216251972	-0.00874851493898771	-0.0926100388308087	-0.0745898329900698	-0.11655342452494	-0.151317763570373	-0.0263928290907764	0.0528079505778252	-0.143238334773465	0.0801916520318873	-0.00353174736890013	-0.0306249757881557
-0.11437570671651	0.142241032901061	-0.0669479134943489	0.0597590286199439	0.0674046034550501	0.0468292632676495	0.089552076087612	0.1538986543415	-0.193345498073751	-0.174060704580819	-0.155170933379469	0.303421472954698	0.0919211941398023	-0.123299093260861	-0.0828034897984765	-0.0274176594450392	-0.0270009072569502	0.115572546279252	-0.0229554248727865	-0.106690691743998	-0.157401048680241	0.166996928883924	-0.0581712393874712	-0.0420896362746395	0.0034269163798102	0.129920192150717	-0.0526991442635161	-0.0294499714885316	0.101054018986016	-0.120036115791136	-0.129497286406993
0.188210877270524	-0.173048339030193	-0.0983986810641361	-0.173584477655954	-0.0768546879724622	0.0357191031120936	-0.0463118066435773	-0.145984794887638	0.0518926959792032	0.190072463661705	0.120083916020485	-0.0546192409333018	0.0307818642761722	0.175162553369653	0.142720348414672	0.0385620332875155	-0.16260586424036	-0.0313565598040023	0.00570427018901196	0.176676890291923	0.201636037404398	-0.118867291171151	0.100223684430626	0.0665988821397321	0.107650158173396	-0.0423769780461552	-0.034655716071711	0.148127363054619	-0.204108055562526	-0.0963702685174844	0.177510854180008
-0.0757184817149901	0.00429243149098511	0.17937773396918	0.110089087341529	-0.0179508297965612	-0.124144775143981	-0.0668215290164007	0.0141207177053013	0.106496007344034	0.00955167857440482	0.0346180634623653	0.098051620919356	-0.180696678510403	-0.00349134276996527	-0.0495898414217541	-0.0138672022512353	0.15390734011667	-0.136686227603685	-0.00775948812471693	-0.0795530559374591	-0.00242926080068048	-0.0814814711908642	-0.0340769369863339	-0.0937481846041583	-0.155879567490921	-0.0434331199909599	0.0841408132027613	-0.158135863065395	0.0884575804111475	-0.0372066830862942	-0.0492278447275071
-0.049478369013255	0.13429133321258	-0.105553288879865	-0.0593406576916766	0.119122181840743	0.100839094208522	0.138399240455722	-0.055083776143167	-0.16885894614188	-0.0397507922281516	-0.159248485772408	0.151488496975757	0.0864981165277079	0.0142951684280841	-0.150782446708108	-0.182805320190688	-0.0421601641002631	0.122711376343536	0.0978426083989234	0.0029299188480448	-0.0277274468658073	0.150224235030529	0.0712261473692309	0.0708552236038983	0.0551341348447314	-0.119770342022795	0.0466392076831397	-0.0224279177186565	0.0706642777820685	0.0270609995878329	-0.1031917963191
0.188210877270524	-0.173048339030193	-0.0983986810641361	-0.173584477655954	-0.0768546879724622	0.0357191031120936	-0.0463118066435772	-0.145984794887638	0.0518926959792032	0.190072463661705	0.120083916020485	-0.0546192409333019	0.0307818642761723	0.175162553369653	0.142720348414672	0.0385620332875154	-0.16260586424036	-0.0313565598040022	0.00570427018901202	0.176676890291923	0.201636037404398	-0.118867291171151	0.100223684430626	0.0665988821397322	0.107650158173396	-0.0423769780461553	-0.034655716071711	0.148127363054619	-0.204108055562526	-0.0963702685174845	0.177510854180008
-0.0802281450734878	0.0193601191888351	0.184992000129182	0.12849353317156	-0.0356361169301872	-0.145328627275098	-0.0795579362408874	0.100544216343764	0.100791107414046	0.0103666653221246	0.036779488682304	0.37256935292317	-0.18054113885821	-0.0297321784732679	-0.0225283659486809	0.0249835223609794	0.165332797577088	-0.142157824252712	-0.0436042663354865	-0.102854467542259	-0.0117159710806705	-0.0746069519437159	-0.0547470606497091	-0.141691886843236	-0.161502320317494	0.0480678262875933	0.032338119849997	-0.158100721749235	0.0996523117889363	-0.0702935171010033	-0.0514391545977884
-0.0930023528840037	0.144992353865521	-0.0886336249790802	0.0203978014930852	0.106391977106268	0.0893054851438503	0.12808244681888	0.0687633863007318	-0.183988221293325	-0.126782908405239	-0.159132461124985	0.240666694221728	0.0970860879512018	-0.0625602674801341	-0.110122014465061	-0.0811568080451441	-0.0291628873511374	0.131340556353178	0.0518499250185008	-0.0592615538133237	-0.110789638234046	0.166202509269325	0.0161303140676364	0.0184702892167424	0.0298765436846336	0.0323697571276509	0.0118318545828427	-0.0241769969851224	0.0928184267651518	-0.0373449345819769	-0.120710171583031
0.226715621714998	-0.19157310207118	-0.119565987987515	-0.125025568372532	-0.212527268894192	-0.0344797162411168	-0.151643430588409	-0.0137718178374293	0.0377625910438159	0.191896915956043	0.163295077483134	-0.000364965007454699	0.0709489493239668	0.0264332736436614	0.281470168693228	0.212620288308852	-0.182709656997547	-0.0577753645680228	-0.190686987820804	0.131061093286123	0.144607072516021	-0.124933983453096	-0.0663946336271282	-0.0508100646143659	0.106606162929427	0.145766537064968	-0.254610958490426	0.235830211903177	-0.222980312302841	-0.119315909372744	0.24002749053288
-0.0861505878933482	0.000858027071742116	0.173894166156933	0.139051921514735	-0.0516618398651773	-0.164641609869174	-0.108291574260366	0.0792804428324245	0.125994626419622	-0.0115325549247215	0.0642221588254647	0.0535341670771446	-0.189189935887653	-0.065391949489466	0.000777053143669116	0.0544242052763691	0.151960792474424	-0.157962152843265	-0.0836655927192007	-0.120006809141811	-0.0431885646952009	-0.0896443951980449	-0.105625577262778	-0.147599548769847	-0.182448067602237	0.0143602871605298	0.020137741038076	-0.154111512013166	0.0835470016097746	-0.0427247412305229	-0.0326946670478202
-0.095357476188427	0.161658464647833	-0.0878740523363047	0.000904074973220931	0.156152179775178	0.132286799966984	0.167222737772878	0.0298526262158357	-0.173187472370706	-0.131763684848845	-0.185303739188771	0.0150110695691531	0.139552281386863	-0.0473823997504303	-0.147355932159341	-0.117926741431509	-0.00594494199951198	0.182683305345366	0.103469999803119	-0.0368662310437562	-0.104983813900442	0.197635754187451	0.0488510117196224	0.064907646484554	0.07394735038576	-0.0154607988446727	0.0469681735295368	-0.00785643130461526	0.0963668860104091	-0.0279636740834148	-0.139211904344541
0.193968513052668	-0.182034604153298	-0.0599020337668079	-0.0801461076296503	-0.194552307182925	-0.0313551916514145	-0.124796233246475	-0.00739494457937291	0.0743482571074874	0.157859621229573	0.172190233100564	0.0335708410480286	0.0408297499077089	0.0237205281964221	0.211713357862187	0.176603650966212	-0.140759339706722	-0.0499199738719982	-0.127567280932593	0.129271059030594	0.121477167254141	-0.123322292613466	-0.059401815201003	0.0186606344627977	0.0933354371535295	0.125702795276224	-0.195905382269528	0.192710875116116	-0.18065847157375	-0.0813394093680834	0.206279754380602
-0.0905021903462904	-0.0426798165785029	0.184656880131087	0.376567351313607	-0.473398306220976	-0.495650186459258	-0.485442550470544	0.536125336758432	0.0962152612275532	-0.0851026160883791	0.183808931906949	-0.103994141002745	-0.19465573393591	-0.54083327680546	0.29804918221098	0.523227190594989	0.140250920623389	-0.308746156937908	-0.646423436785074	-0.375283134549494	-0.290825381928298	-0.112705999382503	-0.639254447738921	-0.610240682094782	-0.312639289236396	0.617432002522014	-0.508044007197377	-0.0614892611026732	0.0913735234308011	0.0708372158958129	0.072947188409753
-0.0962253220219402	0.163153637862609	-0.10177100247393	-0.00772493672685581	0.14919772027901	0.137788716595997	0.168731121336926	0.0180508873720537	-0.190892632547734	-0.161826811493871	-0.19160233072679	-0.0629745901917239	0.147382666242632	-0.050680367573819	-0.150207971137004	-0.124439555278691	-0.0110124812897126	0.188284176655995	0.102199975153785	-0.0409025092795888	-0.121045546081182	0.199250658577099	0.0539047277591861	0.0676918791382693	0.0761795858030688	-0.0354662097287506	0.0373143200652811	-0.00107543894374814	0.0947443746386486	-0.0748153990437233	-0.145983022449364
0.202668473480452	-0.176736494592657	-0.0875762872462076	-0.0762737088520302	-0.206055765990166	-0.0215493902001801	-0.128511342987755	-0.00127165923530557	0.0659734852707414	0.153881362319568	0.166469133936802	0.0708249134060746	0.0672652464133107	-0.0228725816047282	0.233125596020773	0.195951211293147	-0.152889855626446	-0.0366795187495735	-0.165476163902446	0.129769243811421	0.0993705544413612	-0.113280097134737	-0.10281027596937	0.0327473256794735	0.114618316017242	0.136389844132976	-0.2491568113782	0.214887016110213	-0.183514904998539	-0.0727607494473089	0.217744765760622
-0.115043224237792	0.00466784997566959	0.198989737645622	0.223622202064004	-0.124587264724185	-0.250810426303792	-0.189456486560559	0.197204478526989	0.138748822596088	-0.0603665480948776	0.0949348905723421	-0.020840025028065	-0.19750609659666	-0.18866242476908	0.0672362167374436	0.187736101265473	0.177048553634012	-0.189168348417365	-0.187646769000102	-0.202704911829711	-0.12844374198245	-0.0819237018831232	-0.228056062942503	-0.253277652187677	-0.233494422004321	0.180364868803749	-0.0539797824483176	-0.149453946523819	0.101523610570617	0.168697248272835	-0.0213344683643884
-0.104009163622768	0.174160098642281	-0.0899468839940785	-0.028997662344941	0.18284945107672	0.166913532096561	0.193595493002421	0.0113987188549769	-0.197041420387159	-0.211537037328929	-0.218245517972161	-0.10934685118041	0.171757688924379	-0.0358696586501797	-0.180188792889481	-0.161113724628713	0.00711973216527532	0.217202592322449	0.131585676016335	-0.0343744129814301	-0.136011985150859	0.209307729201803	0.0786423122698517	0.105452561289507	0.0938682830146394	-0.058777297928596	0.0650330458822025	0.00921434914581382	0.0990163610113423	-0.0328712758491106	-0.173064002339715
0.20820675806291	-0.177051363446207	-0.105727819915698	-0.0573016392565188	-0.239464179501803	-0.0425507535812308	-0.164245682136626	0.0335491901911301	0.0696602520894718	0.159277250824864	0.181321085356408	0.206936701624799	0.0704045710082847	-0.0756609843879696	0.270329211792131	0.23991896651367	-0.158124519925213	-0.0542844877244452	-0.2249160358861	0.113594433879854	0.0826288276992943	-0.114471380004976	-0.171310899716486	0.0139222540582171	0.106608848422387	0.175343930813025	-0.330368061350474	0.224072241885029	-0.185478876118283	-0.100626159183237	0.237318071106416
-0.122602269547929	0.0310793663066951	0.208082818934588	0.173322674598444	-0.000548140412573192	-0.164186084977336	-0.0889374511845338	0.0810712909950651	0.156093703596357	-0.0535200907822909	0.0602629726866842	0.0486500059108054	-0.193217615713146	-0.0722031689436531	-0.00582241430677863	0.0939079268281126	0.201489580691351	-0.139764369893289	-0.024305329782255	-0.14902723662007	-0.0750979102581339	-0.0645850188204791	-0.0844976321870628	-0.136260241795677	-0.203174015760368	0.044531975483	0.0935003404685888	-0.174021807749647	0.110637167340271	0.28978849338521	-0.0526238456326631
-0.0800453200784968	0.154988119228649	-0.119152600823662	-0.00441941336638181	0.101804801565808	0.114528505065249	0.142520404492229	0.0382033978356832	-0.204614423211613	-0.137640928984168	-0.176905053550135	-0.0807287008853932	0.142010298438244	-0.080366147619864	-0.119206218369124	-0.0993378805216297	-0.0262040350119635	0.168700384079278	0.0507459054461969	-0.0484555808708182	-0.121460713220996	0.192246123539801	0.0251607464625896	0.0340396341584324	0.0677470029433908	-0.014224042331251	-0.0143019413803309	0.0138678684935589	0.0856611540273913	-0.146890398664333	-0.124509399296478
0.202668473480452	-0.176736494592657	-0.0875762872462076	-0.0762737088520302	-0.206055765990166	-0.02154939020018	-0.128511342987755	-0.00127165923530566	0.0659734852707414	0.153881362319568	0.166469133936802	0.0708249134060746	0.0672652464133107	-0.0228725816047281	0.233125596020773	0.195951211293147	-0.152889855626446	-0.0366795187495735	-0.165476163902446	0.129769243811421	0.0993705544413613	-0.113280097134737	-0.10281027596937	0.0327473256794736	0.114618316017242	0.136389844132975	-0.2491568113782	0.214887016110213	-0.183514904998539	-0.0727607494473089	0.217744765760622
-0.115043224237792	0.0046678499756696	0.198989737645622	0.223622202064004	-0.124587264724185	-0.250810426303792	-0.189456486560559	0.197204478526989	0.138748822596088	-0.0603665480948776	0.0949348905723421	-0.020840025028065	-0.19750609659666	-0.18866242476908	0.0672362167374436	0.187736101265473	0.177048553634012	-0.189168348417365	-0.187646769000102	-0.202704911829711	-0.12844374198245	-0.0819237018831232	-0.228056062942503	-0.253277652187677	-0.233494422004321	0.180364868803749	-0.0539797824483176	-0.149453946523819	0.101523610570617	0.168697248272835	-0.0213344683643884
-0.0962253220219403	0.163153637862609	-0.10177100247393	-0.00772493672685588	0.14919772027901	0.137788716595997	0.168731121336926	0.0180508873720537	-0.190892632547734	-0.161826811493871	-0.19160233072679	-0.062974590191724	0.147382666242632	-0.050680367573819	-0.150207971137004	-0.124439555278691	-0.0110124812897127	0.188284176655995	0.102199975153785	-0.0409025092795888	-0.121045546081182	0.199250658577099	0.0539047277591861	0.0676918791382692	0.0761795858030688	-0.0354662097287506	0.0373143200652812	-0.00107543894374817	0.0947443746386486	-0.0748153990437233	-0.145983022449364
0.205830149325777	-0.171123516178468	-0.097099008056117	-0.0913733796699217	-0.184150811285769	0.00925777463210527	-0.0964921135801633	-0.0299692233176743	0.0539119466152649	0.144507214904268	0.145896083353434	-0.0280328024546038	0.0905614183239386	-0.0166772886226367	0.217334218408001	0.17133101639956	-0.159785707247402	-0.00583409465227699	-0.143945174888644	0.146442238523816	0.0940056683706482	-0.102046618785771	-0.07771811299062	0.0656590885174057	0.14391066247581	0.108122806309678	-0.221196990514598	0.227877931329494	-0.184407367303583	-0.0363166797906062	0.209636471794848
-0.160917849163598	0.029413823102744	0.22932508535988	0.205546860829229	0.027259227601986	-0.178763823909401	-0.0751543703267907	0.0923408435220327	0.176691699140818	-0.091310930584119	0.071445498870271	-0.0815501320974646	-0.212961100849928	-0.0762213038377397	-0.0240589540980955	0.0793850823624223	0.214492920746885	-0.150200713994999	0.00380728328611999	-0.16650246700747	-0.104663111048169	-0.0607593941314656	-0.0828465945812488	-0.119010136090402	-0.235716315418283	0.0451352100494517	0.178486795897441	-0.208193205229788	0.120536749901623	0.356888025040841	-0.0729665491868231
-0.105489328198069	0.161807868931674	-0.110110472741674	0.00161325383067844	0.155984448698334	0.137426029255194	0.171585850080177	-0.00725119341828125	-0.188727214221458	-0.166365594813541	-0.185955012196091	-0.0768338782702465	0.136210396221044	-0.0391032642748022	-0.154080941130071	-0.119379874532913	-0.0190206803126504	0.184550424876886	0.122998319349489	-0.0439138122223507	-0.121725672052429	0.197813027379343	0.0629648405846806	0.0663676746205834	0.0691557068684851	-0.0534026998104824	0.0515580022297158	-0.0195275421097501	0.0979330975054516	-0.0915362475780344	-0.147146783816723
0.202668473480452	-0.176736494592657	-0.0875762872462077	-0.0762737088520303	-0.206055765990166	-0.02154939020018	-0.128511342987755	-0.00127165923530578	0.0659734852707414	0.153881362319568	0.166469133936802	0.0708249134060745	0.0672652464133107	-0.022872581604728	0.233125596020773	0.195951211293147	-0.152889855626446	-0.0366795187495735	-0.165476163902446	0.129769243811421	0.0993705544413613	-0.113280097134737	-0.10281027596937	0.0327473256794735	0.114618316017242	0.136389844132975	-0.2491568113782	0.214887016110213	-0.183514904998539	-0.0727607494473089	0.217744765760622
-0.111885603891579	0.0406318029485671	0.186539068067316	0.14216744420633	-0.00537727720761413	-0.13350205178925	-0.0699161308483517	0.0965433211267771	0.128843054508363	-0.0405650282850032	0.0400676369631146	-0.264718977127693	-0.171430044845992	-0.0758684715900785	-0.021913418524028	0.0353599736905497	0.183948960570283	-0.116091143111579	-0.0414809789240281	-0.131382594732911	-0.0674914065595582	-0.0497633420249729	-0.0816342920588746	-0.120572402327089	-0.163360534661927	0.0532989417255616	0.0824805987978311	-0.16391152198065	0.110568708484989	0.432319616443161	-0.0549970988748472
-0.0688501083509238	0.16726837930154	-0.104488350347144	-0.0468012756982525	0.170586461517013	0.141182176605506	0.173418362328433	0.00412162528488826	-0.18157794913006	-0.123233138599146	-0.196242137092275	-0.0140528667492086	0.180204967750937	-0.0410925291314762	-0.142591703058622	-0.151944237735078	-0.0108181487908198	0.201062839230839	0.113613226298913	-0.0161707196196275	-0.107652437631341	0.207899386965952	0.0589588990103509	0.103374011341211	0.102370907967984	-0.0316755437541072	0.0170471950716446	0.027571113851177	0.0869188107079499	-0.0131908690563765	-0.131837065076333
0.181942543217116	-0.176430242443905	-0.0998028575153474	-0.169434247042178	-0.062824735783383	0.0498801011710272	-0.0358710802152784	-0.184226306396887	0.0674540249248634	0.174122026886671	0.119485090133485	-0.0788176034311259	0.0311817112277433	0.18542305773961	0.0915959589392831	-0.00792835744401216	-0.156942268161513	-0.0306790506978989	0.0268775319113435	0.185070635003227	0.199554064252233	-0.125302130173014	0.121205874199891	0.116947357150632	0.108239320368991	-0.149144752301498	0.0049266058841686	0.128463153881195	-0.187476111895678	-0.104677506388184	0.156991904654058
-0.108308433037791	0.0408385572873991	0.194592460209774	0.120315690599259	0.0890901820384117	-0.0525046044820881	-0.000562800259187293	0.0141956187916393	0.158404161802371	-0.0269546311925103	0.0415250874327956	-0.162551602345759	-0.163421513231904	0.0404493857398823	-0.0800560566815604	-0.034791859200524	0.193454380915954	-0.100542548254169	0.0851047139031236	-0.0699372338878719	-0.0118037208188717	-0.0567574748367019	0.0408557384717673	-0.0328723971251554	-0.151790924912135	-0.0684013432221737	0.212094911065934	-0.183227694142222	0.107909421773549	0.37763059933336	-0.0693176755663838
-0.0862509619856301	0.166391284280409	-0.0972857282714679	-0.0293677966820982	0.169111153615513	0.15080129327655	0.176606917633751	0.00243356516530173	-0.18536942740566	-0.150384560951313	-0.197229690404382	-0.062964497726149	0.164949726279071	-0.0388444672082706	-0.150018367990657	-0.150774766662798	-0.00927188564894209	0.195642103614454	0.115755637192731	-0.0270709861186779	-0.114421522744588	0.204412522500211	0.0684385634339986	0.0901845500318208	0.0907651593524775	-0.0502668306992097	0.0487476504184266	0.0139933720658528	0.090542159287625	-0.0289234855189871	-0.141848599232853
0.185370205459684	-0.160017349750688	-0.0939129042647034	-0.239104760534516	0.0149262625022468	0.120542736833675	0.0523476861376374	-0.278960069585034	0.0541259075424586	0.191671012643564	0.0697206218334381	0.0876892596939035	0.0442055047424899	0.252939934705172	0.0443491831876847	-0.106870169159231	-0.151197391710656	0.0128514117136177	0.127704836298854	0.239522427071739	0.245490385901533	-0.109968352774695	0.203759639971296	0.210458037500991	0.156761288258748	-0.240033474329338	0.0615908710537832	0.126979140014723	-0.19150848518697	-0.109628529768184	0.139746353517949
-0.105440056789803	0.0334754731052969	0.19617138025309	0.13107714948335	0.0219252040605142	-0.103313080322758	-0.0558809356334626	0.0737832695466926	0.140809949113699	-0.0322620860669669	0.0397117122043828	-0.184797378099032	-0.168816961692789	-0.0268298096305699	-0.0502221345183276	-0.000305122002670323	0.188628721387368	-0.117634754538392	0.0033563906320531	-0.104870470765283	-0.0392820579629133	-0.0607401655128217	-0.0377992937221812	-0.0898105750645581	-0.164058233822922	0.00916826264895724	0.117428856882656	-0.172022707071141	0.107435511699369	0.260454055831357	-0.0613905770432696
-0.0745064334808919	0.167921060127469	-0.10690271588035	-0.0368067124246376	0.173227321258529	0.164426232719372	0.190583993813849	-0.0175141874185356	-0.180368487844411	-0.139284472582022	-0.198457285270575	-0.0436002551531624	0.177036745716481	-0.0235436781155891	-0.143517287093693	-0.156047976256686	-0.00815043888621745	0.207490059567963	0.137977204499297	-0.012012319678436	-0.100211559546603	0.209880407539608	0.0933923754330515	0.0985876745061489	0.108516131811722	-0.0736689771355582	0.068589960923941	0.0290681638607739	0.0852233180143147	-0.0665642805656325	-0.139667078696166
0.180801048883183	-0.16718819695764	-0.10087352783307	-0.198235320465029	-0.0211775065779306	0.0862030738422195	0.0135616150521959	-0.227099850494126	0.0563293209429535	0.178117410456589	0.0921467660597798	-0.0233474965688867	0.0395541456374643	0.218778707666914	0.0670781683599152	-0.0517058916055958	-0.154641640981453	-0.00374142751060833	0.0820162228411847	0.2079173536407	0.215405175960101	-0.113572963453938	0.164045279928942	0.161143485650356	0.134342460287347	-0.186749594248256	0.0383288147462619	0.12785720135854	-0.187898702811495	-0.0817297839084173	0.145239063459784
-0.105440056789803	0.0334754731052968	0.19617138025309	0.13107714948335	0.0219252040605142	-0.103313080322758	-0.0558809356334626	0.0737832695466925	0.140809949113699	-0.0322620860669669	0.0397117122043828	-0.184797378099032	-0.168816961692789	-0.0268298096305699	-0.0502221345183276	-0.000305122002670342	0.188628721387369	-0.117634754538392	0.00335639063205319	-0.104870470765283	-0.0392820579629133	-0.0607401655128217	-0.0377992937221812	-0.0898105750645579	-0.164058233822922	0.00916826264895719	0.117428856882656	-0.172022707071141	0.107435511699369	0.260454055831357	-0.0613905770432696
-0.0862509619856301	0.166391284280409	-0.0972857282714679	-0.0293677966820983	0.169111153615513	0.15080129327655	0.176606917633751	0.00243356516530169	-0.18536942740566	-0.150384560951313	-0.197229690404382	-0.0629644977261491	0.164949726279071	-0.0388444672082706	-0.150018367990657	-0.150774766662798	-0.00927188564894209	0.195642103614454	0.115755637192731	-0.0270709861186779	-0.114421522744588	0.204412522500211	0.0684385634339987	0.0901845500318208	0.0907651593524775	-0.0502668306992097	0.0487476504184267	0.0139933720658528	0.090542159287625	-0.0289234855189871	-0.141848599232853
0.180801048883183	-0.16718819695764	-0.10087352783307	-0.198235320465029	-0.0211775065779307	0.0862030738422195	0.0135616150521959	-0.227099850494126	0.0563293209429536	0.178117410456589	0.0921467660597798	-0.0233474965688867	0.0395541456374643	0.218778707666914	0.0670781683599152	-0.0517058916055958	-0.154641640981453	-0.00374142751060836	0.0820162228411846	0.2079173536407	0.215405175960101	-0.113572963453938	0.164045279928942	0.161143485650356	0.134342460287347	-0.186749594248256	0.0383288147462619	0.12785720135854	-0.187898702811495	-0.0817297839084174	0.145239063459784
-0.124464275185427	0.0340923806251538	0.214785714427888	0.18838632686938	-0.027335319429444	-0.140496735324678	-0.117568635764692	0.191252298900595	0.151427544426849	-0.0726500382736937	0.0647573263587188	-0.0108162470987057	-0.172257997678066	-0.0973701422981261	0.00113917950244181	0.0936233561674675	0.196479788393778	-0.143432876662462	-0.0686775741387693	-0.156923528567189	-0.087033265720049	-0.0616138607971995	-0.109288493192849	-0.158164139850536	-0.203047031569129	0.141414496781924	0.0350477576976662	-0.172792545800338	0.118313303868005	0.0408082003087256	-0.0589538099064188
-0.108201752395647	0.168791220719989	-0.0814263838494838	-0.00390721071211135	0.178193057541325	0.143660864701777	0.185311970538515	0.028522587343998	-0.190133468633364	-0.178096358889317	-0.196674049480564	0.0066569337807258	0.151961486472518	-0.0505492863200715	-0.143139066748469	-0.129821281185856	0.00391379780546734	0.188879197687806	0.110815852097157	-0.045124040896969	-0.130133522051413	0.201906457634586	0.0566147209376258	0.0783598409436224	0.0715197075330626	-0.0177849659927567	0.0582214230849455	-0.000248892511858302	0.0995237869474586	0.0390258978375984	-0.147435316415421
0.17509039797275	-0.165116998678327	-0.108904821719158	-0.186166953818393	-0.0156340464526558	0.0881863835219567	0.0242082392342287	-0.218113175500458	0.0474080303615388	0.168559191839533	0.0872345862124166	-0.0789141459694372	0.0432752209421597	0.217973130555961	0.0652893629527779	-0.0403191482135437	-0.155785263072189	0.00660335645245606	0.0914663003133565	0.199158998847133	0.201171077726536	-0.105448407414105	0.167170325615638	0.156025062299444	0.138026772234303	-0.171070556113931	0.0484689673008338	0.128129310179703	-0.184711511351836	-0.0308833155688837	0.138978932207344
-0.0771019150444162	0.0183391515600674	0.18876827830738	0.0734391362584312	0.0313232308407032	-0.0867489296950148	-0.0354761756616197	-0.00685816063224124	0.124565035717213	0.0111213534833394	0.0124967980629024	-0.301102685823968	-0.168158291015195	0.0254699896260426	-0.100058242370164	-0.0954119586681745	0.180631755669459	-0.110472450125356	0.0384794016878863	-0.0612385258731611	0.00920016124682545	-0.0748259843924123	-0.00113012810876857	-0.0476333609554517	-0.138034444148499	-0.0896390446894831	0.140092159969193	-0.168159066361353	0.0929506126709347	0.191057807240181	-0.0622937238254288
-0.0934455537150579	0.161584476972636	-0.0963254630088948	-0.0299559878933918	0.154437774145186	0.153935899079547	0.157113343854209	-0.0053957645491438	-0.189397804014805	-0.160924273734765	-0.197545289774117	-0.200861802782951	0.150595705176347	-0.0401923752659458	-0.170825415061843	-0.165285571473573	-0.0220327527241986	0.185136317971208	0.100616265875556	-0.0349768642796791	-0.119688571748994	0.197963837860698	0.0647882583549664	0.0804166733363012	0.0806538900971417	-0.0779378359144169	0.0511320225931755	-0.000416896936681413	0.0905027214807768	-0.0749646902915375	-0.148454936743492
0.180801048883183	-0.16718819695764	-0.10087352783307	-0.198235320465029	-0.0211775065779307	0.0862030738422196	0.0135616150521959	-0.227099850494126	0.0563293209429535	0.178117410456589	0.0921467660597798	-0.0233474965688866	0.0395541456374644	0.218778707666914	0.0670781683599152	-0.0517058916055958	-0.154641640981453	-0.00374142751060834	0.0820162228411845	0.2079173536407	0.215405175960101	-0.113572963453938	0.164045279928942	0.161143485650356	0.134342460287347	-0.186749594248256	0.038328814746262	0.12785720135854	-0.187898702811495	-0.0817297839084174	0.145239063459784
